# GBT UWBR with no RFI - Ryan Lynch 6/2/23
#freq	Trx	G	eps
0.7005859376	66.71858211	2.872522218	0.01
0.7020507814	67.55158115	2.889921839	0.01
0.7035156251	68.37634701	2.893694586	0.01
0.7049804689	68.98550251	2.906997955	0.01
0.7064453126	69.64246935	2.917013134	0.01
0.7079101564	70.17570846	2.925269908	0.01
0.7093750001	70.83103755	2.926838679	0.01
0.7108398439	71.97604583	3.527364925	0.01
0.7123046876	72.58549377	3.654966084	0.01
0.7137695314	73.15721502	3.643333849	0.01
0.7152343751	73.33231151	2.986505405	0.01
0.7166992189	73.62658653	2.956962758	0.01
0.7181640626	74.39659714	2.959902702	0.01
0.7196289064	75.52613607	2.958907573	0.01
0.7210937501	76.10374002	2.952745154	0.01
0.7225585939	77.14782369	2.948356894	0.01
0.7240234376	78.10661572	2.952148988	0.01
0.7254882814	78.6609257	2.964745107	0.01
0.7269531251	79.40700463	2.97680222	0.01
0.7284179689	80.25409643	2.994578599	0.01
0.7298828126	86.3834289	3.074771348	0.01
0.7313476564	85.04684516	3.042552709	0.01
0.7328125001	82.44630697	3.051364145	0.01
0.7342773439	78.67492383	3.042340165	0.01
0.7357421876	82.90988243	3.056912246	0.01
0.7372070314	81.20387364	3.045455276	0.01
0.7386718751	80.44654324	3.074246659	0.01
0.7401367189	78.61340408	3.051176762	0.01
0.7416015626	91.07132196	3.096716583	0.01
0.7430664064	88.41217246	3.165714436	0.01
0.7445312501	78.67694835	3.146279862	0.01
0.7459960939	69.66614434	3.109192848	0.01
0.7474609376	83.29641181	3.023062852	0.01
0.7489257814	83.25685469	3.067115599	0.01
0.7503906251	81.87230652	3.06762518	0.01
0.7518554689	79.65022545	3.086190577	0.01
0.7533203126	78.40049949	3.090214691	0.01
0.7547851564	77.06431138	3.094061487	0.01
0.7562500001	64.49487463	3.195949208	0.01
0.7577148439	63.00303002	3.190821689	0.01
0.7591796876	65.59578812	3.173072972	0.01
0.7606445314	64.49051312	3.147602045	0.01
0.7621093751	63.32298043	3.109028733	0.01
0.7635742189	62.54006763	3.067743752	0.01
0.7650390626	61.0265531	3.019728323	0.01
0.7665039064	60.0497593	2.96978734	0.01
0.7679687501	56.53880961	2.936465447	0.01
0.7694335939	55.12895171	2.891645874	0.01
0.7708984376	54.26843226	2.853833261	0.01
0.7723632814	53.1920146	2.815985761	0.01
0.7738281251	52.5223841	2.782544056	0.01
0.7752929689	51.38045196	2.750331144	0.01
0.7767578126	50.49271081	2.71558552	0.01
0.7782226564	50.01050707	2.668789369	0.01
0.7796875001	49.25190019	2.657601401	0.01
0.7811523439	48.58482244	2.623996408	0.01
0.7826171876	48.24817364	2.590351539	0.01
0.7840820314	48.00385817	2.58068654	0.01
0.7855468751	47.75954271	2.57102154	0.01
0.7870117189	47.51522724	2.561356541	0.01
0.7884765626	47.27091177	2.551691541	0.01
0.7899414064	47.02659631	2.542026542	0.01
0.7914062501	46.78228084	2.532361542	0.01
0.7928710939	46.53796537	2.522696542	0.01
0.7943359376	46.29364991	2.513031543	0.01
0.7958007814	46.04933444	2.503366543	0.01
0.7972656251	45.80501898	2.493701544	0.01
0.7987304689	45.56070351	2.484036544	0.01
0.8001953126	45.31638804	2.474371545	0.01
0.8016601564	45.07207258	2.464706545	0.01
0.8031250001	44.82775711	2.455041545	0.01
0.8045898439	44.58344164	2.445376546	0.01
0.8060546876	44.33912618	2.435711546	0.01
0.8075195314	44.09481071	2.426046547	0.01
0.8089843751	43.85049525	2.416381547	0.01
0.8104492189	43.60617978	2.406716547	0.01
0.8119140626	43.36186431	2.397051548	0.01
0.8133789064	43.11754885	2.387386548	0.01
0.8148437501	42.87323338	2.377721549	0.01
0.8163085939	42.62891792	2.368056549	0.01
0.8177734376	42.38460245	2.35839155	0.01
0.8192382814	42.14028698	2.34872655	0.01
0.8207031251	41.89597152	2.33906155	0.01
0.8221679689	41.65165605	2.329396551	0.01
0.8236328126	41.40734058	2.319731551	0.01
0.8250976564	41.16302512	2.310066552	0.01
0.8265625001	40.91870965	2.300401552	0.01
0.8280273439	40.67439419	2.290736553	0.01
0.8294921876	40.43007872	2.281071553	0.01
0.8309570314	40.18576325	2.271406553	0.01
0.8324218751	39.94144779	2.261741554	0.01
0.8338867189	39.69713232	2.252076554	0.01
0.8353515626	39.45281685	2.242411555	0.01
0.8368164064	39.20850139	2.232746555	0.01
0.8382812501	38.96418592	2.223081556	0.01
0.8397460939	38.71987046	2.213416556	0.01
0.8412109376	38.47555499	2.203751556	0.01
0.8426757814	38.23123952	2.194086557	0.01
0.8441406251	37.98692406	2.184421557	0.01
0.8456054689	37.74260859	2.174756558	0.01
0.8470703126	37.49829313	2.165091558	0.01
0.8485351564	37.25397766	2.155426558	0.01
0.8500000001	37.00966219	2.145761559	0.01
0.8514648439	36.76534673	2.136096559	0.01
0.8529296876	36.52103126	2.12643156	0.01
0.8543945314	36.27671579	2.11676656	0.01
0.8558593751	36.03240033	2.107101561	0.01
0.8573242189	35.78808486	2.097436561	0.01
0.8587890626	35.5437694	2.087771561	0.01
0.8602539064	35.29945393	2.078106562	0.01
0.8617187501	35.05513846	2.068441562	0.01
0.8631835939	34.810823	2.058776563	0.01
0.8646484376	35.06382915	2.064209774	0.01
0.8661132814	34.92128827	2.059718849	0.01
0.8675781251	34.8794398	2.058731768	0.01
0.8690429689	34.49303486	2.056255368	0.01
0.8705078126	35.02594592	2.067918086	0.01
0.8719726564	35.19085471	2.08592464	0.01
0.8734375001	35.40937569	2.105255498	0.01
0.8749023439	35.5508953	2.123266251	0.01
0.8763671876	35.71799496	2.140961764	0.01
0.8778320314	35.98945563	2.159638635	0.01
0.8792968751	35.47553958	2.175566927	0.01
0.8807617189	35.91063363	2.171314646	0.01
0.8822265626	35.88496306	2.162375001	0.01
0.8836914064	35.62472655	2.154504129	0.01
0.8851562501	35.40114498	2.147889791	0.01
0.8866210939	35.20128562	2.143506438	0.01
0.8880859376	35.00581004	2.139475742	0.01
0.8895507814	34.17769443	2.132208406	0.01
0.8910156251	33.3804365	2.119987628	0.01
0.8924804689	33.33248111	2.108805053	0.01
0.8939453126	37.11561139	2.17191011	0.01
0.8954101564	37.42331582	2.174205865	0.01
0.8968750001	31.84896774	2.059583793	0.01
0.8983398439	31.47364716	2.037720764	0.01
0.8998046876	31.06957058	2.014185089	0.01
0.9012695314	31.75372889	2.033610513	0.01
0.9027343751	32.43788719	2.053035937	0.01
0.9041992189	33.1220455	2.072461361	0.01
0.9056640626	33.80620381	2.091886786	0.01
0.9071289064	34.49036211	2.11131221	0.01
0.9085937501	35.17452042	2.130737634	0.01
0.9100585939	35.85867872	2.150163058	0.01
0.9115234376	36.54283703	2.169588482	0.01
0.9129882814	37.22699533	2.189013906	0.01
0.9144531251	37.91115364	2.20843933	0.01
0.9159179689	38.59531195	2.227864755	0.01
0.9173828126	39.27947025	2.247290179	0.01
0.9188476564	39.96362856	2.266715603	0.01
0.9203125001	40.64778686	2.286141027	0.01
0.9217773439	41.33194517	2.305566451	0.01
0.9232421876	42.01610348	2.324991875	0.01
0.9247070314	42.70026178	2.344417299	0.01
0.9261718751	43.38442009	2.363842724	0.01
0.9276367189	44.06857839	2.383268148	0.01
0.9291015626	44.7527367	2.402693572	0.01
0.9305664064	41.58759104	2.296246171	0.01
0.9320312501	39.42605452	2.186940214	0.01
0.9334960939	37.41011326	2.078832061	0.01
0.9349609376	35.34961372	1.97016422	0.01
0.9364257814	33.28565297	1.860761957	0.01
0.9378906251	31.20396229	1.753560563	0.01
0.9393554689	29.93684882	1.684346463	0.01
0.9408203126	30.43546289	1.701253642	0.01
0.9422851564	31.70673546	1.759215885	0.01
0.9437500001	33.01495095	1.817143471	0.01
0.9452148439	34.26542335	1.873946779	0.01
0.9466796876	35.53152503	1.930210363	0.01
0.9481445314	36.79762671	1.986473946	0.01
0.9496093751	37.34585752	2.009773057	0.01
0.9510742189	36.82376897	1.980958059	0.01
0.9525390626	36.01087832	1.9392854	0.01
0.9540039064	35.22441516	1.897282293	0.01
0.9554687501	34.42163379	1.855129112	0.01
0.9569335939	33.6528282	1.815033091	0.01
0.9583984376	32.90587935	1.776433069	0.01
0.9598632814	32.54264304	1.753815979	0.01
0.9613281251	32.57712458	1.752765732	0.01
0.9627929689	32.74285546	1.756259567	0.01
0.9642578126	33.00996485	1.76047507	0.01
0.9657226564	33.48102885	1.767465034	0.01
0.9671875001	33.99361993	1.774661638	0.01
0.9686523439	34.17838636	1.785492494	0.01
0.9701171876	34.13104515	1.79382949	0.01
0.9715820314	34.33195912	1.793243632	0.01
0.9730468751	34.87310589	1.792180097	0.01
0.9745117189	35.30565631	1.794966034	0.01
0.9759765626	34.83661229	1.805049151	0.01
0.9774414064	34.32874047	1.820184018	0.01
0.9789062501	33.56349514	1.833070784	0.01
0.9803710939	33.13798305	1.847045806	0.01
0.9818359376	32.80405171	1.864913475	0.01
0.9833007814	32.56226171	1.882756286	0.01
0.9847656251	32.47957801	1.900029053	0.01
0.9862304689	32.50234567	1.919390066	0.01
0.9876953126	32.5638696	1.936653158	0.01
0.9891601564	32.70519114	1.954522158	0.01
0.9906250001	32.70700723	1.97979387	0.01
0.9920898439	32.86139192	2.001861516	0.01
0.9935546876	33.01969731	2.023161252	0.01
0.9950195314	33.23858223	2.042818997	0.01
0.9964843751	33.40313651	2.062205739	0.01
0.9979492189	33.55474518	2.079789378	0.01
0.9994140626	34.19155893	2.122411295	0.01
1.000878906	35.84173221	2.226195024	0.01
1.00234375	37.97039069	2.356039741	0.01
1.003808594	40.15222146	2.485947126	0.01
1.005273438	42.26448217	2.614769575	0.01
1.006738281	44.3988146	2.743811757	0.01
1.008203125	46.53528382	2.873750909	0.01
1.009667969	47.38154694	2.928758389	0.01
1.011132813	45.87930774	2.851476395	0.01
1.012597656	43.72350109	2.737641432	0.01
1.0140625	41.53707222	2.622389736	0.01
1.015527344	39.35119417	2.506803923	0.01
1.016992188	37.1618465	2.389317744	0.01
1.018457031	34.9096744	2.268585162	0.01
1.019921875	33.86250172	2.213481603	0.01
1.021386719	34.44458532	2.259522233	0.01
1.022851563	35.13943369	2.306628497	0.01
1.024316406	35.19036087	2.308868885	0.01
1.02578125	35.24128805	2.311109273	0.01
1.027246094	35.29221524	2.313349661	0.01
1.028710938	35.34314242	2.315590049	0.01
1.030175781	35.3940696	2.317830437	0.01
1.031640625	35.44499678	2.320070824	0.01
1.033105469	35.49592396	2.322311212	0.01
1.034570313	35.54685115	2.3245516	0.01
1.036035156	35.59777833	2.326791988	0.01
1.0375	35.64870551	2.329032376	0.01
1.038964844	35.69963269	2.331272764	0.01
1.040429688	35.75055987	2.333513152	0.01
1.041894531	35.80148706	2.33575354	0.01
1.043359375	35.85241424	2.337993928	0.01
1.044824219	35.90334142	2.340234316	0.01
1.046289063	35.9542686	2.342474704	0.01
1.047753906	36.00519578	2.344715092	0.01
1.04921875	36.05612297	2.34695548	0.01
1.050683594	36.10705015	2.349195868	0.01
1.052148438	36.15797733	2.351436256	0.01
1.053613281	36.20890451	2.353676643	0.01
1.055078125	36.2598317	2.355917031	0.01
1.056542969	36.31075888	2.358157419	0.01
1.058007813	36.36168606	2.360397807	0.01
1.059472656	36.41261324	2.362638195	0.01
1.0609375	36.46354042	2.364878583	0.01
1.062402344	36.51446761	2.367118971	0.01
1.063867188	36.56539479	2.369359359	0.01
1.065332031	36.61632197	2.371599747	0.01
1.066796875	36.66724915	2.373840135	0.01
1.068261719	36.71817633	2.376080523	0.01
1.069726563	36.76910352	2.378320911	0.01
1.071191406	36.8200307	2.380561299	0.01
1.07265625	36.87095788	2.382801687	0.01
1.074121094	36.92188506	2.385042074	0.01
1.075585938	36.97281224	2.387282462	0.01
1.077050781	37.02373943	2.38952285	0.01
1.078515625	37.07466661	2.391763238	0.01
1.079980469	37.12559379	2.394003626	0.01
1.081445313	37.17652097	2.396244014	0.01
1.082910156	37.22744815	2.398484402	0.01
1.084375	37.27837534	2.40072479	0.01
1.085839844	37.32930252	2.402965178	0.01
1.087304688	37.3802297	2.405205566	0.01
1.088769531	37.43115688	2.407445954	0.01
1.090234375	37.48208406	2.409686342	0.01
1.091699219	37.53301125	2.41192673	0.01
1.093164063	37.58393843	2.414167118	0.01
1.094628906	37.63486561	2.416407506	0.01
1.09609375	37.68579279	2.418647893	0.01
1.097558594	37.73671997	2.420888281	0.01
1.099023438	37.78764716	2.423128669	0.01
1.100488281	37.83857434	2.425369057	0.01
1.101953125	37.88950152	2.427609445	0.01
1.103417969	37.9404287	2.429849833	0.01
1.104882813	37.99135588	2.432090221	0.01
1.106347656	38.04228307	2.434330609	0.01
1.1078125	38.09321025	2.436570997	0.01
1.109277344	38.14413743	2.438811385	0.01
1.110742188	38.19506461	2.441051773	0.01
1.112207031	38.2459918	2.443292161	0.01
1.113671875	38.29691898	2.445532549	0.01
1.115136719	38.34784616	2.447772937	0.01
1.116601563	38.39877334	2.450013324	0.01
1.118066406	38.44970052	2.452253712	0.01
1.11953125	38.50062771	2.4544941	0.01
1.120996094	38.55155489	2.456734488	0.01
1.122460938	38.60248207	2.458974876	0.01
1.123925781	38.65340925	2.461215264	0.01
1.125390625	38.70433643	2.463455652	0.01
1.126855469	38.75526362	2.46569604	0.01
1.128320313	38.8061908	2.467936428	0.01
1.129785156	38.85711798	2.470176816	0.01
1.13125	38.90804516	2.472417204	0.01
1.132714844	38.95897234	2.474657592	0.01
1.134179688	39.00989953	2.47689798	0.01
1.135644531	39.06082671	2.479138368	0.01
1.137109375	39.11175389	2.481378756	0.01
1.138574219	39.16268107	2.483619143	0.01
1.140039063	39.21360825	2.485859531	0.01
1.141503906	39.26453544	2.488099919	0.01
1.14296875	39.31546262	2.490340307	0.01
1.144433594	39.3663898	2.492580695	0.01
1.145898438	39.41731698	2.494821083	0.01
1.147363281	39.46824416	2.497061471	0.01
1.148828125	39.51917135	2.499301859	0.01
1.150292969	39.57009853	2.501542247	0.01
1.151757813	39.62102571	2.503782635	0.01
1.153222656	39.67195289	2.506023023	0.01
1.1546875	39.72288007	2.508263411	0.01
1.156152344	39.77380726	2.510503799	0.01
1.157617188	39.82473444	2.512744187	0.01
1.159082031	39.87566162	2.514984574	0.01
1.160546875	39.9265888	2.517224962	0.01
1.162011719	39.97751599	2.51946535	0.01
1.163476563	40.02844317	2.521705738	0.01
1.164941406	40.07937035	2.523946126	0.01
1.16640625	40.13029753	2.526186514	0.01
1.167871094	40.18122471	2.528426902	0.01
1.169335938	40.2321519	2.53066729	0.01
1.170800781	40.28307908	2.532907678	0.01
1.172265625	40.33400626	2.535148066	0.01
1.173730469	40.38493344	2.537388454	0.01
1.175195313	40.43586062	2.539628842	0.01
1.176660156	40.48678781	2.54186923	0.01
1.178125	40.53771499	2.544109618	0.01
1.179589844	40.58864217	2.546350006	0.01
1.181054688	40.63956935	2.548590393	0.01
1.182519531	40.69049653	2.550830781	0.01
1.183984375	40.74142372	2.553071169	0.01
1.185449219	40.7923509	2.555311557	0.01
1.186914063	40.84327808	2.557551945	0.01
1.188378906	41.4422101	2.573071089	0.01
1.18984375	41.97819243	2.581357104	0.01
1.191308594	42.33863564	2.582846717	0.01
1.192773438	42.4286947	2.592176107	0.01
1.194238281	42.2593067	2.609087222	0.01
1.195703125	42.05520336	2.625910758	0.01
1.197167969	42.08603961	2.635412821	0.01
1.198632813	42.57520255	2.628415297	0.01
1.200097656	43.38754797	2.580660595	0.01
1.2015625	42.69140217	2.550155601	0.01
1.203027344	41.99525636	2.519650607	0.01
1.204492188	41.29911056	2.489145613	0.01
1.205957031	40.60296476	2.458640619	0.01
1.207421875	39.90681895	2.428135626	0.01
1.208886719	39.21067315	2.397630632	0.01
1.210351563	38.51452734	2.367125638	0.01
1.211816406	37.81838154	2.336620644	0.01
1.21328125	37.12223573	2.30611565	0.01
1.214746094	36.42608993	2.275610657	0.01
1.216210938	35.72994413	2.245105663	0.01
1.217675781	35.33113796	2.232230838	0.01
1.219140625	35.09738683	2.2184529	0.01
1.220605469	34.98114192	2.206933655	0.01
1.222070313	34.88586546	2.202322484	0.01
1.223535156	34.82572753	2.198947181	0.01
1.225	36.99122326	2.210631201	0.01
1.226464844	34.65842855	2.193576909	0.01
1.227929688	35.49373274	2.185865512	0.01
1.229394531	34.11125243	2.191558999	0.01
1.230859375	34.01641724	2.198438801	0.01
1.232324219	33.98185595	2.207899128	0.01
1.233789063	33.99005684	2.215957661	0.01
1.235253906	34.01412003	2.223623112	0.01
1.23671875	33.88945535	2.232991263	0.01
1.238183594	33.54552776	2.245054769	0.01
1.239648438	33.19189446	2.250014605	0.01
1.241113281	32.94500631	2.253750919	0.01
1.242578125	32.8278325	2.255038604	0.01
1.244042969	32.75931132	2.252380423	0.01
1.245507813	32.57400935	2.247144847	0.01
1.246972656	32.45755562	2.238477959	0.01
1.2484375	32.50586504	2.229009707	0.01
1.249902344	32.15446196	2.215967259	0.01
1.251367188	32.14397071	2.200304237	0.01
1.252832031	31.99638122	2.18262185	0.01
1.254296875	31.84879172	2.164939463	0.01
1.255761719	31.70120223	2.147257076	0.01
1.257226563	31.55361273	2.129574688	0.01
1.258691406	31.40602323	2.111892301	0.01
1.26015625	31.25843374	2.094209914	0.01
1.261621094	31.11084424	2.076527527	0.01
1.263085938	30.96325475	2.05884514	0.01
1.264550781	30.81566525	2.041162753	0.01
1.266015625	30.66807575	2.023480366	0.01
1.267480469	30.52048626	2.005797978	0.01
1.268945313	30.37289676	1.988115591	0.01
1.270410156	30.22530727	1.970433204	0.01
1.271875	30.07771777	1.952750817	0.01
1.273339844	29.93012827	1.93506843	0.01
1.274804688	29.78253878	1.917386043	0.01
1.276269531	29.63494928	1.899703656	0.01
1.277734375	29.48735979	1.882021268	0.01
1.279199219	29.33977029	1.864338881	0.01
1.280664063	29.19218079	1.846656494	0.01
1.282128906	29.0445913	1.828974107	0.01
1.28359375	28.8970018	1.81129172	0.01
1.285058594	28.74941231	1.793609333	0.01
1.286523438	29.48487385	1.776273492	0.01
1.287988281	30.53375082	1.757145882	0.01
1.289453125	31.35615503	1.736299398	0.01
1.290917969	31.00513425	1.730319107	0.01
1.292382813	29.5736096	1.738810678	0.01
1.293847656	28.56531056	1.73703877	0.01
1.2953125	28.37228637	1.716719483	0.01
1.296777344	28.22629178	1.697931392	0.01
1.298242188	28.17969906	1.693610424	0.01
1.299707031	28.13310634	1.689289457	0.01
1.301171875	28.08651362	1.68496849	0.01
1.302636719	28.0399209	1.680647523	0.01
1.304101563	27.99332818	1.676326556	0.01
1.305566406	27.94673547	1.672005589	0.01
1.30703125	27.90014275	1.667684622	0.01
1.308496094	27.85355003	1.663363655	0.01
1.309960938	27.80695731	1.659042687	0.01
1.311425781	27.76036459	1.65472172	0.01
1.312890625	27.71377187	1.650400753	0.01
1.314355469	27.64722524	1.645311634	0.01
1.315820313	27.62226581	1.641117489	0.01
1.317285156	27.51759027	1.637488092	0.01
1.31875	27.50187787	1.634441116	0.01
1.320214844	27.5211322	1.63590669	0.01
1.321679688	27.54574067	1.641480754	0.01
1.323144531	27.63838642	1.646847498	0.01
1.324609375	27.61349649	1.656714634	0.01
1.326074219	27.69142037	1.66702505	0.01
1.327539063	27.73261474	1.677384592	0.01
1.329003906	27.77876157	1.690827391	0.01
1.33046875	27.8414771	1.708179526	0.01
1.331933594	27.90407634	1.726849336	0.01
1.333398438	27.98286678	1.748501123	0.01
1.334863281	28.09713664	1.77123967	0.01
1.336328125	28.20359452	1.79180817	0.01
1.337792969	28.29579273	1.819432483	0.01
1.339257813	28.36367929	1.846600518	0.01
1.340722656	28.38713026	1.868142915	0.01
1.3421875	28.37248641	1.886949818	0.01
1.343652344	28.33870409	1.904773874	0.01
1.345117188	28.27543344	1.922063107	0.01
1.346582031	28.259694	1.936701055	0.01
1.348046875	28.1183856	1.952375603	0.01
1.349511719	28.04531516	1.963798549	0.01
1.350976563	27.98867366	1.97617632	0.01
1.352441406	27.96097896	1.986587768	0.01
1.35390625	27.90423744	1.9929337	0.01
1.355371094	27.84461687	1.996260977	0.01
1.356835938	27.73586713	1.996445155	0.01
1.358300781	27.65966804	1.993467222	0.01
1.359765625	28.44290565	1.962902166	0.01
1.361230469	27.64726168	1.981144155	0.01
1.362695313	27.50556386	1.982792075	0.01
1.364160156	27.4661043	1.977232502	0.01
1.365625	27.41770999	1.970711521	0.01
1.367089844	27.38169704	1.963425154	0.01
1.368554688	27.36543651	1.954768942	0.01
1.370019531	27.40563053	1.942520285	0.01
1.371484375	27.50388354	1.928433987	0.01
1.372949219	27.5891444	1.915291661	0.01
1.374414063	27.65075014	1.903036303	0.01
1.375878906	27.81128209	1.893988461	0.01
1.37734375	27.638918	1.884726444	0.01
1.378808594	27.68183069	1.876664199	0.01
1.380273438	27.72474338	1.868601954	0.01
1.381738281	27.76765607	1.860539708	0.01
1.383203125	27.81056877	1.852477463	0.01
1.384667969	27.85348146	1.844415218	0.01
1.386132813	27.93890542	1.83950791	0.01
1.387597656	27.9902674	1.83593895	0.01
1.3890625	28.07506336	1.832390451	0.01
1.390527344	28.26249135	1.830897586	0.01
1.391992188	28.49681913	1.830814224	0.01
1.393457031	28.86068697	1.82922876	0.01
1.394921875	29.14466614	1.827081739	0.01
1.396386719	29.53438369	1.823350612	0.01
1.397851563	30.09332187	1.815982616	0.01
1.399316406	30.81986885	1.808807911	0.01
1.40078125	31.8227068	1.802577175	0.01
1.402246094	32.87763498	1.797094391	0.01
1.403710938	33.45125803	1.800521356	0.01
1.405175781	34.02488108	1.803948321	0.01
1.406640625	33.6902163	1.811983828	0.01
1.408105469	33.37160659	1.815082927	0.01
1.409570313	33.29080918	1.807690777	0.01
1.411035156	33.22007999	1.800963017	0.01
1.4125	33.41404505	1.78747859	0.01
1.413964844	33.58711635	1.773306513	0.01
1.415429688	33.84294208	1.758883159	0.01
1.416894531	34.03153203	1.747239242	0.01
1.418359375	34.20163348	1.733493967	0.01
1.419824219	34.48119458	1.722098089	0.01
1.421289063	34.76075568	1.710702211	0.01
1.422753906	35.14899087	1.699708392	0.01
1.42421875	35.56316757	1.69354323	0.01
1.425683594	36.10935478	1.684139113	0.01
1.427148438	36.64777126	1.680943379	0.01
1.428613281	37.33382018	1.674315238	0.01
1.430078125	37.90794067	1.672608629	0.01
1.431542969	38.60471623	1.666484765	0.01
1.433007813	39.25757954	1.66523563	0.01
1.434472656	40.03520468	1.665641925	0.01
1.4359375	40.77194745	1.666353469	0.01
1.437402344	41.64176741	1.667321431	0.01
1.438867188	42.60922393	1.669706065	0.01
1.440332031	43.60197666	1.672021461	0.01
1.441796875	44.61964264	1.674243934	0.01
1.443261719	45.65478491	1.678082344	0.01
1.444726563	46.69847784	1.683461075	0.01
1.446191406	47.8251295	1.690063337	0.01
1.44765625	48.94896963	1.698412086	0.01
1.449121094	50.00417972	1.708202515	0.01
1.450585938	51.03946706	1.714882612	0.01
1.452050781	52.12661347	1.716624587	0.01
1.453515625	53.02097111	1.716288297	0.01
1.454980469	53.83337088	1.71467116	0.01
1.456445313	54.39967934	1.714550909	0.01
1.457910156	54.69954121	1.711479627	0.01
1.459375	54.78977752	1.707634863	0.01
1.460839844	54.58826973	1.698766644	0.01
1.462304688	54.12921863	1.689411817	0.01
1.463769531	53.55442266	1.678226291	0.01
1.465234375	52.81583025	1.661531131	0.01
1.466699219	51.80395627	1.65201495	0.01
1.468164063	50.70533586	1.638129895	0.01
1.469628906	49.67486808	1.625792638	0.01
1.47109375	48.65774954	1.622054161	0.01
1.472558594	47.63577303	1.616552774	0.01
1.474023438	46.6768432	1.612631732	0.01
1.475488281	45.73592776	1.61108193	0.01
1.476953125	44.84616799	1.60955104	0.01
1.478417969	44.06104863	1.607611591	0.01
1.479882813	43.36751192	1.610091096	0.01
1.481347656	42.7890998	1.610531925	0.01
1.4828125	42.38216396	1.612715892	0.01
1.484277344	42.03066441	1.613171315	0.01
1.485742188	42.00843307	1.614455447	0.01
1.487207031	42.04553324	1.615584975	0.01
1.488671875	42.3579987	1.61650935	0.01
1.490136719	43.228707	1.627280025	0.01
1.491601563	44.003745	1.63565352	0.01
1.493066406	45.16791911	1.647968948	0.01
1.49453125	46.44841335	1.663362585	0.01
1.495996094	47.73909579	1.680260316	0.01
1.497460938	49.00216225	1.699810479	0.01
1.498925781	50.2778471	1.723362647	0.01
1.500390625	51.42554347	1.745607522	0.01
1.501855469	52.83081852	1.759412423	0.01
1.503320313	53.30101185	1.789100932	0.01
1.504785156	54.12729675	1.809148041	0.01
1.50625	55.05816417	1.800573137	0.01
1.507714844	55.10523873	1.814199905	0.01
1.509179688	55.41348197	1.805866499	0.01
1.510644531	54.36980761	1.813019293	0.01
1.512109375	53.38016596	1.803494073	0.01
1.513574219	52.28517201	1.779230122	0.01
1.515039063	50.61405332	1.746183941	0.01
1.516503906	49.04718681	1.705376966	0.01
1.51796875	47.40759777	1.67086263	0.01
1.519433594	46.12125918	1.63459974	0.01
1.520898438	45.00250947	1.610328356	0.01
1.522363281	44.30706153	1.589305362	0.01
1.523828125	43.46487101	1.57140385	0.01
1.525292969	44.50002363	1.583189036	0.01
1.526757813	45.53517625	1.594974222	0.01
1.528222656	41.72220531	1.51949761	0.01
1.5296875	41.70723065	1.522824263	0.01
1.531152344	41.59547174	1.516065762	0.01
1.532617188	41.59655643	1.55136411	0.01
1.534082031	41.59764111	1.586662458	0.01
1.535546875	41.5987258	1.621960807	0.01
1.537011719	41.59981048	1.657259155	0.01
1.538476563	41.60089516	1.692557503	0.01
1.539941406	41.60197985	1.727855851	0.01
1.54140625	41.60306453	1.763154199	0.01
1.542871094	41.60414922	1.798452548	0.01
1.544335938	41.6052339	1.833750896	0.01
1.545800781	41.60631859	1.869049244	0.01
1.547265625	41.60740327	1.904347592	0.01
1.548730469	41.60848796	1.939645941	0.01
1.550195313	41.60957264	1.974944289	0.01
1.551660156	41.61065733	2.010242637	0.01
1.553125	41.61174201	2.045540985	0.01
1.554589844	41.6128267	2.080839333	0.01
1.556054688	41.61391138	2.116137682	0.01
1.557519531	41.61499607	2.15143603	0.01
1.558984375	41.61608075	2.186734378	0.01
1.560449219	41.61716544	2.222032726	0.01
1.561914063	41.61825012	2.257331074	0.01
1.563378906	41.61933481	2.292629423	0.01
1.56484375	40.69616246	2.296033712	0.01
1.566308594	40.00134472	2.281464208	0.01
1.567773438	38.92917386	2.266528888	0.01
1.569238281	39.10092959	2.236953218	0.01
1.570703125	38.44817369	2.281566682	0.01
1.572167969	39.71036311	2.298665798	0.01
1.573632813	39.8270093	2.320853712	0.01
1.575097656	39.94365549	2.343041627	0.01
1.5765625	40.06030168	2.365229541	0.01
1.578027344	40.17694787	2.387417455	0.01
1.579492188	40.29359406	2.409605369	0.01
1.580957031	40.41024025	2.431793283	0.01
1.582421875	40.52688644	2.453981198	0.01
1.583886719	39.98974664	2.47981172	0.01
1.585351563	39.93882966	2.477585981	0.01
1.586816406	40.13645374	2.459227212	0.01
1.58828125	39.89079086	2.428662004	0.01
1.589746094	39.64512798	2.398096796	0.01
1.591210938	39.39946511	2.367531589	0.01
1.592675781	39.15380223	2.336966381	0.01
1.594140625	38.90813935	2.306401173	0.01
1.595605469	38.66247648	2.275835965	0.01
1.597070313	38.4168136	2.245270757	0.01
1.598535156	38.17115072	2.21470555	0.01
1.6	37.92548785	2.184140342	0.01
1.601464844	37.67982497	2.153575134	0.01
1.602929688	37.43416209	2.123009926	0.01
1.604394531	37.18849922	2.092444719	0.01
1.605859375	36.94283634	2.061879511	0.01
1.607324219	36.69717346	2.031314303	0.01
1.608789063	36.45151059	2.000749095	0.01
1.610253906	36.20584771	1.970183887	0.01
1.61171875	35.96018483	1.93961868	0.01
1.613183594	35.71452196	1.909053472	0.01
1.614648438	35.46885908	1.878488264	0.01
1.616113281	35.2231962	1.847923056	0.01
1.617578125	34.97753333	1.817357848	0.01
1.619042969	34.73187045	1.786792641	0.01
1.620507813	34.48620758	1.756227433	0.01
1.621972656	34.2405447	1.725662225	0.01
1.6234375	33.99488182	1.695097017	0.01
1.624902344	33.74921895	1.66453181	0.01
1.626367188	33.50355607	1.633966602	0.01
1.627832031	33.25789319	1.603401394	0.01
1.629296875	33.01223032	1.572836186	0.01
1.630761719	32.76656744	1.542270978	0.01
1.632226563	32.52090456	1.511705771	0.01
1.633691406	32.27524169	1.481140563	0.01
1.63515625	32.02957881	1.450575355	0.01
1.636621094	31.78391593	1.420010147	0.01
1.638085938	31.53825306	1.389444939	0.01
1.639550781	31.29259018	1.358879732	0.01
1.641015625	31.0469273	1.328314524	0.01
1.642480469	30.80126443	1.297749316	0.01
1.643945313	30.79401273	1.288902456	0.01
1.645410156	30.87546312	1.302520167	0.01
1.646875	30.95691352	1.316137878	0.01
1.648339844	31.03836391	1.32975559	0.01
1.649804688	31.11981431	1.343373301	0.01
1.651269531	31.2012647	1.356991012	0.01
1.652734375	31.2827151	1.370608723	0.01
1.654199219	31.36416549	1.384226435	0.01
1.655664063	31.44561589	1.397844146	0.01
1.657128906	31.52706628	1.411461857	0.01
1.65859375	31.60851668	1.425079569	0.01
1.660058594	31.68996707	1.43869728	0.01
1.661523438	31.77141746	1.452314991	0.01
1.662988281	31.85286786	1.465932702	0.01
1.664453125	31.93431825	1.479550414	0.01
1.665917969	32.01576865	1.493168125	0.01
1.667382813	32.09721904	1.506785836	0.01
1.668847656	32.17866944	1.520403548	0.01
1.6703125	32.26011983	1.534021259	0.01
1.671777344	32.20814622	1.545317116	0.01
1.673242188	32.16059758	1.555957491	0.01
1.674707031	32.12754722	1.565910973	0.01
1.676171875	32.05940311	1.575965589	0.01
1.677636719	32.00920854	1.586528553	0.01
1.679101563	31.93139184	1.595032222	0.01
1.680566406	31.90714577	1.603131779	0.01
1.68203125	31.88289969	1.611231337	0.01
1.683496094	32.09009071	1.617378387	0.01
1.684960938	31.72424855	1.621949204	0.01
1.686425781	31.53042324	1.630393588	0.01
1.687890625	31.3229349	1.637126215	0.01
1.689355469	31.22538202	1.646299552	0.01
1.690820313	31.14527613	1.656306142	0.01
1.692285156	31.08415148	1.668051079	0.01
1.69375	31.23165796	1.678675414	0.01
1.695214844	31.08797909	1.689933086	0.01
1.696679688	31.05200624	1.699028274	0.01
1.698144531	31.01383786	1.715654393	0.01
1.699609375	30.91427387	1.714915224	0.01
1.701074219	30.73916331	1.716370638	0.01
1.702539063	30.57188526	1.718166791	0.01
1.704003906	30.36690147	1.717741659	0.01
1.70546875	30.06637596	1.714135233	0.01
1.706933594	29.7621426	1.707395014	0.01
1.708398438	29.47716708	1.699516747	0.01
1.709863281	29.2486962	1.693794888	0.01
1.711328125	29.04556529	1.685871596	0.01
1.712792969	28.93822014	1.675781302	0.01
1.714257813	28.90160907	1.665135417	0.01
1.715722656	29.10445467	1.651204007	0.01
1.7171875	29.29825218	1.633888886	0.01
1.718652344	29.91761939	1.611458685	0.01
1.720117188	30.40583606	1.587167564	0.01
1.721582031	31.06529377	1.554432536	0.01
1.723046875	31.68786651	1.521829284	0.01
1.724511719	31.88060368	1.493228182	0.01
1.725976563	31.40612743	1.475337354	0.01
1.727441406	30.56751819	1.468911992	0.01
1.72890625	29.66594601	1.465426873	0.01
1.730371094	28.98825512	1.461001426	0.01
1.731835938	28.25189196	1.456870285	0.01
1.733300781	27.6681544	1.452862988	0.01
1.734765625	27.21568883	1.447555582	0.01
1.736230469	26.81943136	1.447399816	0.01
1.737695313	26.5297747	1.446007365	0.01
1.739160156	26.36831952	1.445435638	0.01
1.740625	26.29274249	1.44568931	0.01
1.742089844	26.16271959	1.446555385	0.01
1.743554688	26.04351071	1.448386762	0.01
1.745019531	25.98951134	1.452864679	0.01
1.746484375	25.96768567	1.454884438	0.01
1.747949219	25.93941936	1.461668264	0.01
1.749414063	25.95283237	1.466939246	0.01
1.750878906	25.99575157	1.4722027	0.01
1.75234375	26.04160744	1.478120248	0.01
1.753808594	26.07846292	1.482313866	0.01
1.755273438	26.12804787	1.48704703	0.01
1.756738281	26.17157167	1.491343959	0.01
1.758203125	26.15920066	1.494455196	0.01
1.759667969	26.19633121	1.498703329	0.01
1.761132813	26.2236879	1.502437926	0.01
1.762597656	26.26684261	1.505657705	0.01
1.7640625	26.30759044	1.508274543	0.01
1.765527344	26.36240305	1.510180764	0.01
1.766992188	26.34746837	1.511132564	0.01
1.768457031	26.30852813	1.512075204	0.01
1.769921875	26.22884269	1.51138816	0.01
1.771386719	26.11356573	1.509330531	0.01
1.772851563	26.01525815	1.508176329	0.01
1.774316406	25.92140788	1.507060946	0.01
1.77578125	25.81300595	1.505724112	0.01
1.777246094	25.74110736	1.505278864	0.01
1.778710938	25.67037548	1.506160192	0.01
1.780175781	25.68250071	1.505855059	0.01
1.781640625	25.56546606	1.512838672	0.01
1.783105469	25.54319979	1.518593614	0.01
1.784570313	25.52666821	1.524705376	0.01
1.786035156	25.53412443	1.532349345	0.01
1.7875	25.65635704	1.540141783	0.01
1.788964844	27.33168464	1.537173886	0.01
1.790429688	27.38720064	1.548431015	0.01
1.791894531	27.46495959	1.561081526	0.01
1.793359375	27.53167251	1.573149334	0.01
1.794824219	27.60930106	1.586999786	0.01
1.796289063	27.66276424	1.600579876	0.01
1.797753906	27.71870725	1.615524696	0.01
1.79921875	27.76222809	1.629841583	0.01
1.800683594	27.77753739	1.642948165	0.01
1.802148438	27.74993491	1.654800417	0.01
1.803613281	27.70374859	1.666134487	0.01
1.805078125	27.64019654	1.676241587	0.01
1.806542969	27.56539485	1.68558447	0.01
1.808007813	27.47561382	1.694351593	0.01
1.809472656	27.40709811	1.703148799	0.01
1.8109375	27.41042427	1.716835056	0.01
1.812402344	27.43603569	1.730786784	0.01
1.813867188	27.44681633	1.742690592	0.01
1.815332031	27.48189846	1.754128307	0.01
1.816796875	27.50894025	1.764009569	0.01
1.818261719	27.55340057	1.77291143	0.01
1.819726563	27.5417599	1.776464857	0.01
1.821191406	27.41317776	1.773450538	0.01
1.82265625	27.27241341	1.76925217	0.01
1.824121094	27.12888003	1.763294225	0.01
1.825585938	26.97114596	1.756741282	0.01
1.827050781	26.83646095	1.749570144	0.01
1.828515625	26.72600443	1.740825836	0.01
1.829980469	26.68701087	1.733879631	0.01
1.831445313	26.7024183	1.728853703	0.01
1.832910156	26.7640991	1.723297505	0.01
1.834375	27.1842487	1.716726209	0.01
1.835839844	26.89953486	1.709528152	0.01
1.837304688	27.00812877	1.703252037	0.01
1.838769531	27.11720671	1.695544335	0.01
1.840234375	27.14662319	1.683663487	0.01
1.841699219	27.14908383	1.669249587	0.01
1.843164063	27.150979	1.655167793	0.01
1.844628906	27.15961904	1.641155338	0.01
1.84609375	27.20234343	1.628683869	0.01
1.847558594	27.25059723	1.615859835	0.01
1.849023438	27.34936214	1.605089947	0.01
1.850488281	27.55621969	1.599216267	0.01
1.851953125	27.84698416	1.601785036	0.01
1.853417969	28.13774863	1.604353806	0.01
1.854882813	28.46104974	1.594111647	0.01
1.856347656	28.79242226	1.591474312	0.01
1.8578125	29.14367015	1.590397686	0.01
1.859277344	29.48385727	1.587087742	0.01
1.860742188	29.80622534	1.588056335	0.01
1.862207031	30.09514747	1.576448928	0.01
1.863671875	30.40549025	1.571744323	0.01
1.865136719	30.73363988	1.563811866	0.01
1.866601563	31.09807862	1.557654923	0.01
1.868066406	31.48879358	1.552573356	0.01
1.86953125	32.25826723	1.563065788	0.01
1.870996094	33.67787181	1.599942332	0.01
1.872460938	35.368247	1.647982699	0.01
1.873925781	37.10247095	1.696642827	0.01
1.875390625	38.8955504	1.745688269	0.01
1.876855469	40.86344668	1.797700008	0.01
1.878320313	42.9577312	1.850186751	0.01
1.879785156	42.70813518	1.84168005	0.01
1.88125	42.45853915	1.833173348	0.01
1.882714844	42.20894313	1.824666647	0.01
1.884179688	41.95934711	1.816159945	0.01
1.885644531	41.70975109	1.807653244	0.01
1.887109375	41.46015506	1.799146543	0.01
1.888574219	41.21055904	1.790639841	0.01
1.890039063	40.96096302	1.78213314	0.01
1.891503906	40.71136699	1.773626438	0.01
1.89296875	40.46177097	1.765119737	0.01
1.894433594	40.21217495	1.756613036	0.01
1.895898438	39.96257893	1.748106334	0.01
1.897363281	39.7129829	1.739599633	0.01
1.898828125	39.46338688	1.731092932	0.01
1.900292969	39.21379086	1.72258623	0.01
1.901757813	38.96419484	1.714079529	0.01
1.903222656	38.71459881	1.705572827	0.01
1.9046875	38.46500279	1.697066126	0.01
1.906152344	38.21540677	1.688559425	0.01
1.907617188	37.96581075	1.680052723	0.01
1.909082031	37.71621472	1.671546022	0.01
1.910546875	37.4666187	1.66303932	0.01
1.912011719	37.21702268	1.654532619	0.01
1.913476563	36.96742665	1.646025918	0.01
1.914941406	36.71783063	1.637519216	0.01
1.91640625	36.46823461	1.629012515	0.01
1.917871094	36.21863859	1.620505814	0.01
1.919335938	35.96904256	1.611999112	0.01
1.920800781	35.71944654	1.603492411	0.01
1.922265625	35.46985052	1.594985709	0.01
1.923730469	35.2202545	1.586479008	0.01
1.925195313	34.97065847	1.577972307	0.01
1.926660156	34.72106245	1.569465605	0.01
1.928125	34.47146643	1.560958904	0.01
1.929589844	34.2218704	1.552452202	0.01
1.931054688	33.97227438	1.543945501	0.01
1.932519531	33.72267836	1.5354388	0.01
1.933984375	33.47308234	1.526932098	0.01
1.935449219	33.22348631	1.518425397	0.01
1.936914063	32.97389029	1.509918696	0.01
1.938378906	32.72429427	1.501411994	0.01
1.93984375	32.47469825	1.492905293	0.01
1.941308594	32.22510222	1.484398591	0.01
1.942773438	31.9755062	1.47589189	0.01
1.944238281	31.72591018	1.467385189	0.01
1.945703125	31.47631416	1.458878487	0.01
1.947167969	31.22671813	1.450371786	0.01
1.948632813	30.97712211	1.441865084	0.01
1.950097656	30.72752609	1.433358383	0.01
1.9515625	30.47793006	1.424851682	0.01
1.953027344	30.22833404	1.41634498	0.01
1.954492188	29.97873802	1.407838279	0.01
1.955957031	29.729142	1.399331578	0.01
1.957421875	29.47954597	1.390824876	0.01
1.958886719	29.22994995	1.382318175	0.01
1.960351563	28.98035393	1.373811473	0.01
1.961816406	28.73075791	1.365304772	0.01
1.96328125	28.8532421	1.381605651	0.01
1.964746094	28.96873939	1.398293194	0.01
1.966210938	29.15551377	1.416303209	0.01
1.967675781	29.34241227	1.434577083	0.01
1.969140625	29.59095266	1.452358384	0.01
1.970605469	29.91306694	1.470449428	0.01
1.972070313	30.38154444	1.486811474	0.01
1.973535156	30.95930637	1.50279079	0.01
1.975	31.21007925	1.521985706	0.01
1.976464844	31.39723232	1.541483987	0.01
1.977929688	31.65305259	1.561220826	0.01
1.979394531	31.80159046	1.581863473	0.01
1.980859375	31.97681901	1.598658502	0.01
1.982324219	32.16443853	1.613970356	0.01
1.983789063	32.3102943	1.627971221	0.01
1.985253906	32.2406635	1.640316979	0.01
1.98671875	32.10292405	1.649941505	0.01
1.988183594	32.09383048	1.658275108	0.01
1.989648438	32.10208499	1.667014123	0.01
1.991113281	32.19038807	1.676960106	0.01
1.992578125	32.25439433	1.684158535	0.01
1.994042969	32.37549541	1.692561821	0.01
1.995507813	32.47237706	1.699866026	0.01
1.996972656	32.55176826	1.705707745	0.01
1.9984375	32.70622819	1.713715917	0.01
1.999902344	32.73058897	1.714736789	0.01
2.001367188	32.61401601	1.709160205	0.01
2.002832031	32.51909159	1.704419399	0.01
2.004296875	32.43364865	1.698479325	0.01
2.005761719	32.3776316	1.691569816	0.01
2.007226563	32.25590582	1.684258379	0.01
2.008691406	32.14523981	1.675840881	0.01
2.01015625	32.00774264	1.664296285	0.01
2.011621094	31.8556553	1.649666084	0.01
2.013085938	31.73287144	1.634985637	0.01
2.014550781	31.62568908	1.619558706	0.01
2.016015625	31.4926445	1.603017414	0.01
2.017480469	31.38366112	1.585696222	0.01
2.018945313	31.28428132	1.568742585	0.01
2.020410156	31.27128059	1.555495361	0.01
2.021875	31.4307456	1.543112409	0.01
2.023339844	31.451154	1.534115053	0.01
2.024804688	31.53474066	1.525753856	0.01
2.026269531	31.63054801	1.515884017	0.01
2.027734375	31.80998568	1.507814602	0.01
2.029199219	32.01345167	1.499075295	0.01
2.030664063	32.05712457	1.486590538	0.01
2.032128906	31.869573	1.472745901	0.01
2.03359375	31.74781688	1.460845722	0.01
2.035058594	31.58256579	1.450279006	0.01
2.036523438	31.4376057	1.443275135	0.01
2.037988281	31.39100397	1.437989157	0.01
2.039453125	31.42599956	1.434839019	0.01
2.040917969	31.50691856	1.434507815	0.01
2.042382813	31.52034229	1.435177253	0.01
2.043847656	31.32200389	1.436002553	0.01
2.0453125	31.02836074	1.439639229	0.01
2.046777344	30.77156909	1.445601544	0.01
2.048242188	30.58388589	1.451595158	0.01
2.049707031	30.4814328	1.458274203	0.01
2.051171875	30.3472687	1.46876391	0.01
2.052636719	30.28698505	1.480512021	0.01
2.054101563	30.23453063	1.49079805	0.01
2.055566406	30.2324014	1.501940573	0.01
2.05703125	30.22548653	1.510962686	0.01
2.058496094	30.22944455	1.518515654	0.01
2.059960938	30.32337451	1.52919958	0.01
2.061425781	30.50501854	1.540339932	0.01
2.062890625	30.70066425	1.550366144	0.01
2.064355469	30.83114627	1.556989617	0.01
2.065820313	30.99822398	1.562874671	0.01
2.067285156	31.17512442	1.566250274	0.01
2.06875	31.33728598	1.566814284	0.01
2.070214844	31.37618207	1.563139906	0.01
2.071679688	31.26028173	1.556069584	0.01
2.073144531	31.2223547	1.547413448	0.01
2.074609375	31.15452465	1.537068255	0.01
2.076074219	31.05625887	1.524534947	0.01
2.077539063	30.92702281	1.510761472	0.01
2.079003906	30.78788829	1.497173695	0.01
2.08046875	30.62193433	1.482846268	0.01
2.081933594	30.52205898	1.47075755	0.01
2.083398438	30.38908098	1.457894836	0.01
2.084863281	30.30241137	1.447473217	0.01
2.086328125	30.1357199	1.436924782	0.01
2.087792969	29.99483342	1.426242052	0.01
2.089257813	29.82634603	1.416312528	0.01
2.090722656	29.79324827	1.408254779	0.01
2.0921875	29.67107037	1.402318879	0.01
2.093652344	29.61220397	1.397849828	0.01
2.095117188	29.56199823	1.394252176	0.01
2.096582031	29.59555535	1.393346545	0.01
2.098046875	29.61226912	1.392821004	0.01
2.099511719	29.60627345	1.393955297	0.01
2.100976563	29.60045903	1.395818808	0.01
2.102441406	29.614555	1.397432855	0.01
2.10390625	29.67519385	1.400209766	0.01
2.105371094	29.88377122	1.396374399	0.01
2.106835938	29.97882366	1.403232562	0.01
2.108300781	29.81533967	1.416368614	0.01
2.109765625	29.69863471	1.419965791	0.01
2.111230469	29.64325725	1.420769896	0.01
2.112695313	29.47083865	1.422103195	0.01
2.114160156	29.32432052	1.420549274	0.01
2.115625	29.235204	1.418009909	0.01
2.117089844	28.98845243	1.416390877	0.01
2.118554688	28.78955955	1.413443063	0.01
2.120019531	28.76293067	1.416360557	0.01
2.121484375	29.00593436	1.427751913	0.01
2.122949219	29.21374145	1.437969959	0.01
2.124414063	29.40266095	1.447540494	0.01
2.125878906	29.60046422	1.457445568	0.01
2.12734375	29.74109753	1.465522679	0.01
2.128808594	29.8582626	1.472519429	0.01
2.130273438	29.88228201	1.476572963	0.01
2.131738281	29.80269744	1.475423577	0.01
2.133203125	29.7082224	1.474523005	0.01
2.134667969	29.63592667	1.47440659	0.01
2.136132813	29.5214288	1.472737567	0.01
2.137597656	29.39994213	1.471457956	0.01
2.1390625	29.28203576	1.471619478	0.01
2.140527344	29.15558496	1.47004432	0.01
2.141992188	29.05556927	1.46850211	0.01
2.143457031	28.91768938	1.467615036	0.01
2.144921875	28.7996677	1.467323817	0.01
2.146386719	28.67026785	1.466487378	0.01
2.147851563	28.54505237	1.466418395	0.01
2.149316406	28.48830315	1.470160206	0.01
2.15078125	28.52289281	1.47835569	0.01
2.152246094	28.63538931	1.489686577	0.01
2.153710938	28.72152526	1.500481601	0.01
2.155175781	28.7958369	1.511642205	0.01
2.156640625	28.88970205	1.522188319	0.01
2.158105469	28.98903415	1.533140053	0.01
2.159570313	29.01931373	1.539851866	0.01
2.161035156	28.95996953	1.542751742	0.01
2.1625	28.95933081	1.543302838	0.01
2.163964844	28.71984625	1.543700568	0.01
2.165429688	28.58638863	1.544568782	0.01
2.166894531	28.46603074	1.54463284	0.01
2.168359375	28.30694788	1.543578651	0.01
2.169824219	28.0872559	1.539594773	0.01
2.171289063	27.74525294	1.527818959	0.01
2.172753906	27.35627074	1.514428209	0.01
2.17421875	26.96259734	1.501560318	0.01
2.175683594	26.58125451	1.488815394	0.01
2.177148438	26.17975545	1.474855797	0.01
2.178613281	25.77524971	1.460139292	0.01
2.180078125	25.3750638	1.442066396	0.01
2.181542969	24.9748779	1.423993501	0.01
2.183007813	24.57469199	1.405920605	0.01
2.184472656	24.17450609	1.38784771	0.01
2.1859375	23.77432018	1.369774815	0.01
2.187402344	23.37413427	1.351701919	0.01
2.188867188	22.97394837	1.333629024	0.01
2.190332031	22.57376246	1.315556129	0.01
2.191796875	22.17357656	1.297483233	0.01
2.193261719	21.77339065	1.279410338	0.01
2.194726563	21.19628437	1.243738962	0.01
2.196191406	20.40165357	1.207205132	0.01
2.19765625	19.60702277	1.170671303	0.01
2.199121094	19.29380871	1.152633662	0.01
2.200585938	18.98059464	1.13459602	0.01
2.202050781	18.66738057	1.116558379	0.01
2.203515625	18.35416651	1.098520737	0.01
2.204980469	18.04095244	1.080483096	0.01
2.206445313	17.85784256	1.067415365	0.01
2.207910156	17.67823422	1.05513329	0.01
2.209375	17.55996843	1.043866657	0.01
2.210839844	17.48662547	1.039031409	0.01
2.212304688	17.50004355	1.036776294	0.01
2.213769531	17.53508535	1.034399464	0.01
2.215234375	17.54665101	1.031108643	0.01
2.216699219	17.56012837	1.028154622	0.01
2.218164063	17.5887446	1.026172419	0.01
2.219628906	17.62577621	1.025239964	0.01
2.22109375	18.20476949	1.032244974	0.01
2.222558594	17.71698895	1.024229226	0.01
2.224023438	17.7874941	1.024247684	0.01
2.225488281	17.85230089	1.024215399	0.01
2.226953125	17.94225701	1.02487422	0.01
2.228417969	18.00996523	1.025032067	0.01
2.229882813	18.09221236	1.026342965	0.01
2.231347656	18.29874456	1.026698367	0.01
2.2328125	18.50527677	1.027053769	0.01
2.234277344	18.52062382	1.035747171	0.01
2.235742188	18.65409184	1.03906725	0.01
2.237207031	18.82370555	1.042670745	0.01
2.238671875	19.01355503	1.047219348	0.01
2.240136719	19.88706707	1.085109931	0.01
2.241601563	20.76057912	1.123000514	0.01
2.243066406	21.63409117	1.160891097	0.01
2.24453125	22.50760321	1.19878168	0.01
2.245996094	23.38111526	1.236672263	0.01
2.247460938	24.2546273	1.274562846	0.01
2.248925781	25.20755829	1.310161407	0.01
2.250390625	26.05900367	1.344189459	0.01
2.251855469	26.84119297	1.373114013	0.01
2.253320313	27.59370302	1.403762815	0.01
2.254785156	28.28815094	1.433562706	0.01
2.25625	28.99062075	1.462019906	0.01
2.257714844	29.66816565	1.488788819	0.01
2.259179688	30.25176594	1.516000335	0.01
2.260644531	30.62693867	1.530385672	0.01
2.262109375	30.87902444	1.537263275	0.01
2.263574219	30.99383678	1.546322727	0.01
2.265039063	31.04278518	1.553283688	0.01
2.266503906	31.10250343	1.559473383	0.01
2.26796875	31.14217941	1.56480774	0.01
2.269433594	31.20101912	1.573225424	0.01
2.270898438	31.32060644	1.584897762	0.01
2.272363281	31.47247882	1.59976236	0.01
2.273828125	31.58768566	1.614469704	0.01
2.275292969	31.69235684	1.628350986	0.01
2.276757813	31.82150812	1.642384603	0.01
2.278222656	31.81145164	1.640276125	0.01
2.2796875	31.80139517	1.638167646	0.01
2.281152344	31.79133869	1.636059167	0.01
2.282617188	31.78128222	1.633950689	0.01
2.284082031	31.77122574	1.63184221	0.01
2.285546875	31.76116926	1.629733732	0.01
2.287011719	31.75111279	1.627625253	0.01
2.288476563	31.74105631	1.625516774	0.01
2.289941406	31.73099984	1.623408296	0.01
2.29140625	31.72094336	1.621299817	0.01
2.292871094	31.71088688	1.619191339	0.01
2.294335938	31.70083041	1.61708286	0.01
2.295800781	31.69077393	1.614974381	0.01
2.297265625	31.68071746	1.612865903	0.01
2.298730469	31.67066098	1.610757424	0.01
2.300195313	31.66060451	1.608648945	0.01
2.301660156	31.65054803	1.606540467	0.01
2.303125	31.64049155	1.604431988	0.01
2.304589844	31.63043508	1.60232351	0.01
2.306054688	31.6203786	1.600215031	0.01
2.307519531	31.61032213	1.598106552	0.01
2.308984375	31.60026565	1.595998074	0.01
2.310449219	31.59020917	1.593889595	0.01
2.311914063	31.5801527	1.591781117	0.01
2.313378906	31.57009622	1.589672638	0.01
2.31484375	31.56003975	1.587564159	0.01
2.316308594	31.54998327	1.585455681	0.01
2.317773438	31.53992679	1.583347202	0.01
2.319238281	31.52987032	1.581238724	0.01
2.320703125	31.51981384	1.579130245	0.01
2.322167969	31.50975737	1.577021766	0.01
2.323632813	31.49970089	1.574913288	0.01
2.325097656	31.48964441	1.572804809	0.01
2.3265625	31.47958794	1.570696331	0.01
2.328027344	31.46953146	1.568587852	0.01
2.329492188	31.45947499	1.566479373	0.01
2.330957031	31.44941851	1.564370895	0.01
2.332421875	31.43936203	1.562262416	0.01
2.333886719	31.42930556	1.560153938	0.01
2.335351563	31.41924908	1.558045459	0.01
2.336816406	31.40919261	1.55593698	0.01
2.33828125	31.39913613	1.553828502	0.01
2.339746094	31.38907966	1.551720023	0.01
2.341210938	31.37902318	1.549611544	0.01
2.342675781	31.3689667	1.547503066	0.01
2.344140625	31.35891023	1.545394587	0.01
2.345605469	31.34885375	1.543286109	0.01
2.347070313	31.33879728	1.54117763	0.01
2.348535156	31.3287408	1.539069151	0.01
2.35	31.31868432	1.536960673	0.01
2.351464844	31.30862785	1.534852194	0.01
2.352929688	31.29857137	1.532743716	0.01
2.354394531	31.2885149	1.530635237	0.01
2.355859375	31.27845842	1.528526758	0.01
2.357324219	31.26840194	1.52641828	0.01
2.358789063	31.25834547	1.524309801	0.01
2.360253906	31.24828899	1.522201323	0.01
2.36171875	31.23823252	1.520092844	0.01
2.363183594	31.22817604	1.517984365	0.01
2.364648438	31.21811956	1.515875887	0.01
2.366113281	31.20806309	1.513767408	0.01
2.367578125	31.19800661	1.51165893	0.01
2.369042969	31.18795014	1.509550451	0.01
2.370507813	31.17789366	1.507441972	0.01
2.371972656	31.16783718	1.505333494	0.01
2.3734375	31.15778071	1.503225015	0.01
2.374902344	31.14772423	1.501116537	0.01
2.376367188	31.13766776	1.499008058	0.01
2.377832031	31.12761128	1.496899579	0.01
2.379296875	31.11755481	1.494791101	0.01
2.380761719	31.10749833	1.492682622	0.01
2.382226563	31.09744185	1.490574143	0.01
2.383691406	31.08738538	1.488465665	0.01
2.38515625	31.0773289	1.486357186	0.01
2.386621094	31.06727243	1.484248708	0.01
2.388085938	31.05721595	1.482140229	0.01
2.389550781	31.04715947	1.48003175	0.01
2.391015625	31.037103	1.477923272	0.01
2.392480469	31.02704652	1.475814793	0.01
2.393945313	31.01699005	1.473706315	0.01
2.395410156	31.00693357	1.471597836	0.01
2.396875	30.99687709	1.469489357	0.01
2.398339844	30.98682062	1.467380879	0.01
2.399804688	30.97676414	1.4652724	0.01
2.401269531	30.96670767	1.463163922	0.01
2.402734375	30.95665119	1.461055443	0.01
2.404199219	30.94659471	1.458946964	0.01
2.405664063	30.93653824	1.456838486	0.01
2.407128906	30.92648176	1.454730007	0.01
2.40859375	30.91642529	1.452621529	0.01
2.410058594	30.90636881	1.45051305	0.01
2.411523438	30.89631234	1.448404571	0.01
2.412988281	30.88625586	1.446296093	0.01
2.414453125	30.87619938	1.444187614	0.01
2.415917969	30.86614291	1.442079136	0.01
2.417382813	30.85608643	1.439970657	0.01
2.418847656	30.84602996	1.437862178	0.01
2.4203125	30.83597348	1.4357537	0.01
2.421777344	30.825917	1.433645221	0.01
2.423242188	30.81586053	1.431536742	0.01
2.424707031	30.80580405	1.429428264	0.01
2.426171875	30.79574758	1.427319785	0.01
2.427636719	30.7856911	1.425211307	0.01
2.429101563	30.77563462	1.423102828	0.01
2.430566406	30.76557815	1.420994349	0.01
2.43203125	30.75552167	1.418885871	0.01
2.433496094	30.7454652	1.416777392	0.01
2.434960938	30.73540872	1.414668914	0.01
2.436425781	30.72535224	1.412560435	0.01
2.437890625	30.71529577	1.410451956	0.01
2.439355469	30.70523929	1.408343478	0.01
2.440820313	30.69518282	1.406234999	0.01
2.442285156	30.68512634	1.404126521	0.01
2.44375	30.67506986	1.402018042	0.01
2.445214844	30.66501339	1.399909563	0.01
2.446679688	30.65495691	1.397801085	0.01
2.448144531	30.64490044	1.395692606	0.01
2.449609375	30.63484396	1.393584128	0.01
2.451074219	30.62478749	1.391475649	0.01
2.452539063	30.61473101	1.38936717	0.01
2.454003906	30.60467453	1.387258692	0.01
2.45546875	30.59461806	1.385150213	0.01
2.456933594	30.58456158	1.383041735	0.01
2.458398438	30.57450511	1.380933256	0.01
2.459863281	30.56444863	1.378824777	0.01
2.461328125	30.55439215	1.376716299	0.01
2.462792969	30.54433568	1.37460782	0.01
2.464257813	30.5342792	1.372499341	0.01
2.465722656	30.52422273	1.370390863	0.01
2.4671875	30.51416625	1.368282384	0.01
2.468652344	30.50410977	1.366173906	0.01
2.470117188	30.4940533	1.364065427	0.01
2.471582031	30.48399682	1.361956948	0.01
2.473046875	30.47394035	1.35984847	0.01
2.474511719	30.46388387	1.357739991	0.01
2.475976563	30.45382739	1.355631513	0.01
2.477441406	30.44377092	1.353523034	0.01
2.47890625	30.43371444	1.351414555	0.01
2.480371094	30.42365797	1.349306077	0.01
2.481835938	30.41360149	1.347197598	0.01
2.483300781	30.40354502	1.34508912	0.01
2.484765625	30.39348854	1.342980641	0.01
2.486230469	30.38343206	1.340872162	0.01
2.487695313	30.37337559	1.338763684	0.01
2.489160156	30.36331911	1.336655205	0.01
2.490625	30.35326264	1.334546727	0.01
2.492089844	30.34320616	1.332438248	0.01
2.493554688	30.33314968	1.330329769	0.01
2.495019531	30.32309321	1.328221291	0.01
2.496484375	30.31303673	1.326112812	0.01
2.497949219	30.30298026	1.324004334	0.01
2.499414063	30.29292378	1.321895855	0.01
2.500878906	30.2828673	1.319787376	0.01
2.50234375	30.27281083	1.317678898	0.01
2.503808594	30.26275435	1.315570419	0.01
2.505273438	30.25269788	1.31346194	0.01
2.506738281	30.2426414	1.311353462	0.01
2.508203125	30.23258492	1.309244983	0.01
2.509667969	30.22252845	1.307136505	0.01
2.511132813	30.21247197	1.305028026	0.01
2.512597656	30.2024155	1.302919547	0.01
2.5140625	30.19235902	1.300811069	0.01
2.515527344	30.18230254	1.29870259	0.01
2.516992188	30.17224607	1.296594112	0.01
2.518457031	30.16218959	1.294485633	0.01
2.519921875	30.15213312	1.292377154	0.01
2.521386719	30.14207664	1.290268676	0.01
2.522851563	30.13202017	1.288160197	0.01
2.524316406	30.12196369	1.286051719	0.01
2.52578125	30.11190721	1.28394324	0.01
2.527246094	30.10185074	1.281834761	0.01
2.528710938	30.09179426	1.279726283	0.01
2.530175781	30.08173779	1.277617804	0.01
2.531640625	30.27638882	1.290720134	0.01
2.533105469	30.4768358	1.304321158	0.01
2.534570313	30.68404469	1.317667588	0.01
2.536035156	30.91212945	1.329169897	0.01
2.5375	31.17567022	1.339867878	0.01
2.538964844	31.39530772	1.34923114	0.01
2.540429688	31.554524	1.35281206	0.01
2.541894531	31.64585895	1.353102051	0.01
2.543359375	31.65793256	1.352052988	0.01
2.544824219	31.65676514	1.350239294	0.01
2.546289063	31.56910977	1.34563569	0.01
2.547753906	31.46808729	1.339557757	0.01
2.54921875	31.43635491	1.335261806	0.01
2.550683594	31.54315174	1.334456434	0.01
2.552148438	31.75892389	1.336820478	0.01
2.553613281	31.96554104	1.339310919	0.01
2.555078125	32.16380123	1.341954462	0.01
2.556542969	32.41601542	1.345714235	0.01
2.558007813	32.65766634	1.350808239	0.01
2.559472656	32.8523213	1.353730716	0.01
2.5609375	32.96088744	1.353982105	0.01
2.562402344	33.07104007	1.354031156	0.01
2.563867188	33.17218909	1.354177579	0.01
2.565332031	33.25783272	1.354058551	0.01
2.566796875	33.262307	1.352693158	0.01
2.568261719	33.26163202	1.352941434	0.01
2.569726563	33.33504741	1.355918519	0.01
2.571191406	33.51377544	1.361408785	0.01
2.57265625	33.6846426	1.366931026	0.01
2.574121094	33.8104897	1.371488627	0.01
2.575585938	33.96203889	1.374970682	0.01
2.577050781	34.14261105	1.377450018	0.01
2.578515625	34.33486748	1.378117314	0.01
2.579980469	34.58112251	1.376602582	0.01
2.581445313	34.98137089	1.375021978	0.01
2.582910156	34.99988344	1.372126031	0.01
2.584375	35.06823377	1.366007532	0.01
2.585839844	35.50604687	1.358621525	0.01
2.587304688	35.43352412	1.350277149	0.01
2.588769531	35.73199785	1.342091267	0.01
2.590234375	36.07529251	1.326134104	0.01
2.591699219	35.32708135	1.305059052	0.01
2.593164063	34.90720766	1.287008669	0.01
2.594628906	34.80680495	1.270004355	0.01
2.59609375	34.88067556	1.251634313	0.01
2.597558594	34.86061748	1.235242624	0.01
2.599023438	34.77434021	1.218060997	0.01
2.600488281	34.69242296	1.19992045	0.01
2.601953125	34.59025699	1.18246113	0.01
2.603417969	34.5359075	1.166152761	0.01
2.604882813	34.51683393	1.151146346	0.01
2.606347656	34.56411143	1.138524045	0.01
2.6078125	34.60165494	1.126323999	0.01
2.609277344	34.77729894	1.116421434	0.01
2.610742188	34.91712705	1.109479179	0.01
2.612207031	35.11546289	1.107083377	0.01
2.613671875	35.22529367	1.10410401	0.01
2.615136719	35.38440656	1.103120654	0.01
2.616601563	35.55098804	1.104597654	0.01
2.618066406	35.77030856	1.107703822	0.01
2.61953125	35.9877604	1.113341605	0.01
2.620996094	36.22831716	1.121139312	0.01
2.622460938	36.45783825	1.130528884	0.01
2.623925781	36.66009246	1.141610683	0.01
2.625390625	36.85534725	1.154011528	0.01
2.626855469	37.06664939	1.167260309	0.01
2.628320313	37.19156015	1.180588362	0.01
2.629785156	37.21515676	1.193748561	0.01
2.63125	37.2433154	1.206137741	0.01
2.632714844	37.30059167	1.21726254	0.01
2.634179688	37.30820437	1.230288117	0.01
2.635644531	37.24503032	1.242337952	0.01
2.637109375	37.16157627	1.241755124	0.01
2.638574219	37.07812221	1.241172296	0.01
2.640039063	36.99466816	1.240589469	0.01
2.641503906	36.9112141	1.240006641	0.01
2.64296875	36.82776005	1.239423813	0.01
2.644433594	36.74430599	1.238840986	0.01
2.645898438	36.66085194	1.238258158	0.01
2.647363281	36.57739789	1.237675331	0.01
2.648828125	36.49394383	1.237092503	0.01
2.650292969	36.41048978	1.236509675	0.01
2.651757813	36.32703572	1.235926848	0.01
2.653222656	36.24358167	1.23534402	0.01
2.6546875	36.16012761	1.234761192	0.01
2.656152344	36.07667356	1.234178365	0.01
2.657617188	35.9932195	1.233595537	0.01
2.659082031	35.90976545	1.23301271	0.01
2.660546875	35.8263114	1.232429882	0.01
2.662011719	35.74285734	1.231847054	0.01
2.663476563	35.65940329	1.231264227	0.01
2.664941406	35.57594923	1.230681399	0.01
2.66640625	35.49249518	1.230098571	0.01
2.667871094	35.40904112	1.229515744	0.01
2.669335938	35.32558707	1.228932916	0.01
2.670800781	35.24213301	1.228350089	0.01
2.672265625	35.15867896	1.227767261	0.01
2.673730469	35.07522491	1.227184433	0.01
2.675195313	34.99177085	1.226601606	0.01
2.676660156	34.9083168	1.226018778	0.01
2.678125	34.82486274	1.22543595	0.01
2.679589844	34.74140869	1.224853123	0.01
2.681054688	34.65795463	1.224270295	0.01
2.682519531	34.57450058	1.223687467	0.01
2.683984375	34.49104652	1.22310464	0.01
2.685449219	34.40759247	1.222521812	0.01
2.686914063	34.32413842	1.221938985	0.01
2.688378906	34.24068436	1.221356157	0.01
2.68984375	34.15723031	1.220773329	0.01
2.691308594	34.07377625	1.220190502	0.01
2.692773438	33.9903222	1.219607674	0.01
2.694238281	33.90686814	1.219024846	0.01
2.695703125	33.82341409	1.218442019	0.01
2.697167969	33.73996003	1.217859191	0.01
2.698632813	33.65650598	1.217276364	0.01
2.700097656	33.57305193	1.216693536	0.01
2.7015625	33.48959787	1.216110708	0.01
2.703027344	33.40614382	1.215527881	0.01
2.704492188	33.32268976	1.214945053	0.01
2.705957031	33.23923571	1.214362225	0.01
2.707421875	33.15578165	1.213779398	0.01
2.708886719	33.0723276	1.21319657	0.01
2.710351563	32.98887354	1.212613742	0.01
2.711816406	32.90541949	1.212030915	0.01
2.71328125	32.82196544	1.211448087	0.01
2.714746094	32.68027109	1.198217265	0.01
2.716210938	32.56036046	1.183345047	0.01
2.717675781	32.3971624	1.165809323	0.01
2.719140625	32.27641514	1.14728598	0.01
2.720605469	32.28541815	1.129802314	0.01
2.722070313	32.3044818	1.112082402	0.01
2.723535156	32.40712672	1.094431371	0.01
2.725	32.54660385	1.076789866	0.01
2.726464844	32.76189122	1.058494915	0.01
2.727929688	32.93446624	1.041827766	0.01
2.729394531	33.12987733	1.025024814	0.01
2.730859375	33.32595521	1.008270212	0.01
2.732324219	33.50114408	0.99315749	0.01
2.733789063	33.70229407	0.978395834	0.01
2.735253906	33.92731347	0.964654852	0.01
2.73671875	34.15574432	0.952332185	0.01
2.738183594	34.5643864	0.941824422	0.01
2.739648438	34.77051788	0.933314287	0.01
2.741113281	35.0719299	0.925683441	0.01
2.742578125	35.46017327	0.921023265	0.01
2.744042969	35.79121047	0.917585315	0.01
2.745507813	36.19308371	0.914515934	0.01
2.746972656	36.55190408	0.912490706	0.01
2.7484375	36.93176073	0.910605024	0.01
2.749902344	37.42773976	0.910098638	0.01
2.751367188	37.88215652	0.910061272	0.01
2.752832031	38.3652534	0.910332415	0.01
2.754296875	38.85283074	0.910314783	0.01
2.755761719	39.26395743	0.910182366	0.01
2.757226563	39.66734048	0.910058392	0.01
2.758691406	40.08628518	0.909267478	0.01
2.76015625	40.32719959	0.907747428	0.01
2.761621094	40.49404413	0.904413061	0.01
2.763085938	40.63603587	0.901597266	0.01
2.764550781	40.75284506	0.900102635	0.01
2.766015625	40.85162855	0.898816128	0.01
2.767480469	40.9218582	0.898773724	0.01
2.768945313	40.87824576	0.900048702	0.01
2.770410156	40.81289954	0.9008205	0.01
2.771875	40.65001495	0.901501149	0.01
2.773339844	40.49051991	0.901561221	0.01
2.774804688	40.31162671	0.902694377	0.01
2.776269531	40.13667781	0.903383185	0.01
2.777734375	39.88875185	0.904210126	0.01
2.779199219	39.69140604	0.904824469	0.01
2.780664063	39.49058603	0.905509375	0.01
2.782128906	39.31797243	0.906457213	0.01
2.78359375	39.06607488	0.905390279	0.01
2.785058594	38.82918612	0.902131008	0.01
2.786523438	38.5441094	0.895541391	0.01
2.787988281	38.28330485	0.886965325	0.01
2.789453125	38.03104843	0.87648726	0.01
2.790917969	37.83463996	0.86293433	0.01
2.792382813	37.62553039	0.847635357	0.01
2.793847656	37.46721639	0.831364034	0.01
2.7953125	37.30112523	0.814060171	0.01
2.796777344	37.15799161	0.79575766	0.01
2.798242188	37.02454835	0.777703419	0.01
2.799707031	36.95592195	0.76088073	0.01
2.801171875	36.87693631	0.743508523	0.01
2.802636719	36.79619112	0.72723783	0.01
2.804101563	36.6949624	0.711916083	0.01
2.805566406	36.63180553	0.697519075	0.01
2.80703125	36.47839585	0.68348249	0.01
2.808496094	36.30495707	0.670969682	0.01
2.809960938	36.21351112	0.661818231	0.01
2.811425781	36.28191706	0.655789354	0.01
2.812890625	36.36570548	0.651895385	0.01
2.814355469	36.43729949	0.64910261	0.01
2.815820313	36.4962774	0.647360032	0.01
2.817285156	36.56319268	0.647085689	0.01
2.81875	36.58679287	0.647626353	0.01
2.820214844	36.48787419	0.646153037	0.01
2.821679688	36.21756413	0.644454806	0.01
2.823144531	35.89537551	0.64367834	0.01
2.824609375	35.54412308	0.644832971	0.01
2.826074219	35.2428202	0.647290387	0.01
2.827539063	35.00682342	0.649977664	0.01
2.829003906	34.82046453	0.65323877	0.01
2.83046875	34.67260599	0.656546148	0.01
2.831933594	34.50237629	0.659476507	0.01
2.833398438	34.33593602	0.662289963	0.01
2.834863281	34.2487393	0.664990714	0.01
2.836328125	34.15225114	0.667211949	0.01
2.837792969	34.14933997	0.668246648	0.01
2.839257813	34.15278939	0.668253062	0.01
2.840722656	34.3031775	0.667382101	0.01
2.8421875	34.45356561	0.66651114	0.01
2.843652344	34.68522345	0.662433779	0.01
2.845117188	34.96735592	0.656183802	0.01
2.846582031	35.26068611	0.647238385	0.01
2.848046875	35.54139782	0.636584313	0.01
2.849511719	35.73366765	0.621959841	0.01
2.850976563	35.79934025	0.604182669	0.01
2.852441406	35.77933165	0.583900819	0.01
2.85390625	35.67920333	0.561292915	0.01
2.855371094	35.64748772	0.537604941	0.01
2.856835938	35.59942762	0.512792515	0.01
2.858300781	35.58649011	0.487817447	0.01
2.859765625	35.62896596	0.463267572	0.01
2.861230469	35.69256308	0.439693144	0.01
2.862695313	35.80906142	0.418331165	0.01
2.864160156	35.94315502	0.398813108	0.01
2.865625	36.12055295	0.382962914	0.01
2.867089844	36.18427882	0.368802753	0.01
2.868554688	36.29732886	0.358086684	0.01
2.870019531	36.38363648	0.350052922	0.01
2.871484375	36.39664405	0.345047812	0.01
2.872949219	36.50540458	0.342811416	0.01
2.874414063	36.56042202	0.342634476	0.01
2.875878906	36.59352509	0.34524202	0.01
2.87734375	36.70388707	0.349638796	0.01
2.878808594	36.86067209	0.355726131	0.01
2.880273438	37.08248602	0.362744517	0.01
2.881738281	37.5039565	0.370582217	0.01
2.883203125	37.8294448	0.378825383	0.01
2.884667969	38.34661803	0.385846458	0.01
2.886132813	38.34522201	0.394316901	0.01
2.887597656	38.49992384	0.403322826	0.01
2.8890625	38.3381239	0.412588422	0.01
2.890527344	38.12057122	0.422119087	0.01
2.891992188	38.18184072	0.431560562	0.01
2.893457031	37.98379086	0.442225268	0.01
2.894921875	37.43201587	0.452119215	0.01
2.896386719	37.16190155	0.462212644	0.01
2.897851563	36.74759023	0.47218684	0.01
2.899316406	36.51488359	0.481901924	0.01
2.90078125	36.25051972	0.492789782	0.01
2.902246094	36.04173129	0.503334549	0.01
2.903710938	35.88371864	0.513859517	0.01
2.905175781	35.89121934	0.525007295	0.01
2.906640625	35.9061511	0.536897406	0.01
2.908105469	35.93822006	0.548234083	0.01
2.909570313	36.18352084	0.56029221	0.01
2.911035156	36.29949232	0.570924588	0.01
2.9125	36.43678886	0.582433529	0.01
2.913964844	36.53731815	0.589677396	0.01
2.915429688	36.62879241	0.601190351	0.01
2.916894531	36.79591449	0.614328262	0.01
2.918359375	37.07551668	0.627426129	0.01
2.919824219	37.26254139	0.63927924	0.01
2.921289063	37.384463	0.649571192	0.01
2.922753906	37.54732926	0.659237521	0.01
2.92421875	37.73105713	0.668701994	0.01
2.925683594	37.81946844	0.676638859	0.01
2.927148438	37.83214374	0.683634011	0.01
2.928613281	37.79684941	0.690171905	0.01
2.930078125	37.78658258	0.698973175	0.01
2.931542969	37.92960279	0.709500539	0.01
2.933007813	38.10854788	0.721565556	0.01
2.934472656	38.26998265	0.734407728	0.01
2.9359375	38.52015329	0.748068748	0.01
2.937402344	38.68566751	0.762945831	0.01
2.938867188	38.87808082	0.777401831	0.01
2.940332031	38.84625265	0.787746169	0.01
2.941796875	38.58770378	0.796366658	0.01
2.943261719	38.27257914	0.805307996	0.01
2.944726563	37.9888626	0.816009651	0.01
2.946191406	37.7106576	0.827558606	0.01
2.94765625	37.4765157	0.838790347	0.01
2.949121094	37.30328022	0.851357131	0.01
2.950585938	37.27506323	0.867584753	0.01
2.952050781	37.21733373	0.886044146	0.01
2.953515625	37.20081404	0.904734791	0.01
2.954980469	37.16925428	0.923843771	0.01
2.956445313	37.1530606	0.943483227	0.01
2.957910156	37.12330795	0.9635516	0.01
2.959375	37.04669436	0.984334513	0.01
2.960839844	36.82597614	1.003333463	0.01
2.962304688	36.53058329	1.020965041	0.01
2.963769531	36.23303385	1.038608224	0.01
2.965234375	35.86959672	1.055345862	0.01
2.966699219	35.52325939	1.072212698	0.01
2.968164063	35.172419	1.087539427	0.01
2.969628906	34.93979128	1.104801887	0.01
2.97109375	34.78009345	1.122935851	0.01
2.972558594	34.74213352	1.142327029	0.01
2.974023438	34.62371617	1.158713334	0.01
2.975488281	34.48899481	1.171711943	0.01
2.976953125	34.39750226	1.182718145	0.01
2.978417969	34.31449263	1.189752987	0.01
2.979882813	34.15259803	1.191170715	0.01
2.981347656	33.8602769	1.184796822	0.01
2.9828125	33.56553928	1.175103369	0.01
2.984277344	33.2938533	1.162059263	0.01
2.985742188	33.0378391	1.146957331	0.01
2.987207031	32.8237007	1.13154373	0.01
2.988671875	32.64774701	1.114353708	0.01
2.990136719	32.55010967	1.099413784	0.01
2.991601563	32.48559081	1.085010111	0.01
2.993066406	32.44759361	1.072141878	0.01
2.99453125	32.46891905	1.061950683	0.01
2.995996094	32.46395793	1.051880147	0.01
2.997460938	32.49591959	1.044857538	0.01
2.998925781	32.50962949	1.038977235	0.01
3.000390625	32.49089791	1.03479886	0.01
3.001855469	32.46091989	1.032421328	0.01
3.003320313	32.43453053	1.033073411	0.01
3.004785156	32.40547222	1.035031961	0.01
3.00625	32.33829652	1.038430622	0.01
3.007714844	32.28471841	1.044553113	0.01
3.009179688	32.23352225	1.053275722	0.01
3.010644531	32.34635267	1.06810468	0.01
3.012109375	32.58864485	1.089693974	0.01
3.013574219	32.80003775	1.111442551	0.01
3.015039063	32.97173266	1.134039177	0.01
3.016503906	33.14974433	1.158385326	0.01
3.01796875	33.30418756	1.183226216	0.01
3.019433594	33.36597088	1.206115653	0.01
3.020898438	33.26395517	1.225009248	0.01
3.022363281	33.08216086	1.240385129	0.01
3.023828125	32.9122103	1.257197262	0.01
3.025292969	32.73861602	1.273059371	0.01
3.026757813	32.56620598	1.287768982	0.01
3.028222656	32.39919277	1.300500859	0.01
3.0296875	32.21612614	1.311305015	0.01
3.031152344	32.00543131	1.318670281	0.01
3.032617188	31.771783	1.323311856	0.01
3.034082031	31.54864334	1.326233344	0.01
3.035546875	31.34565365	1.327506355	0.01
3.037011719	31.14667182	1.32627045	0.01
3.038476563	30.95568231	1.32321997	0.01
3.039941406	30.92679418	1.324674119	0.01
3.04140625	31.04347611	1.33162132	0.01
3.042871094	31.16360069	1.337098883	0.01
3.044335938	31.29491958	1.342049338	0.01
3.045800781	31.42528541	1.347196615	0.01
3.047265625	31.55752588	1.351915262	0.01
3.048730469	31.6690094	1.355968289	0.01
3.050195313	31.81001714	1.360457472	0.01
3.051660156	31.93578715	1.364799428	0.01
3.053125	32.08143388	1.370235093	0.01
3.054589844	32.18321939	1.376260746	0.01
3.056054688	32.33475542	1.382434717	0.01
3.057519531	32.48367183	1.388280427	0.01
3.058984375	32.62568194	1.393670856	0.01
3.060449219	32.75173924	1.39766746	0.01
3.061914063	32.76168604	1.3977001	0.01
3.063378906	32.82022318	1.400128329	0.01
3.06484375	32.81917012	1.400290906	0.01
3.066308594	32.85524071	1.400654966	0.01
3.067773438	32.93993336	1.40156465	0.01
3.069238281	33.03074544	1.401451835	0.01
3.070703125	33.11222721	1.403009297	0.01
3.072167969	33.19307551	1.405448821	0.01
3.073632813	33.26707904	1.408505256	0.01
3.075097656	33.33853956	1.411593073	0.01
3.0765625	33.4128553	1.415365165	0.01
3.078027344	33.53316518	1.420842388	0.01
3.079492188	33.60052819	1.425125002	0.01
3.080957031	33.58765399	1.428321069	0.01
3.082421875	33.58183572	1.433603033	0.01
3.083886719	33.57791589	1.43919511	0.01
3.085351563	33.56716654	1.446124435	0.01
3.086816406	33.58380759	1.455073127	0.01
3.08828125	33.54702913	1.463377442	0.01
3.089746094	33.6647564	1.477707618	0.01
3.091210938	33.90097247	1.496776829	0.01
3.092675781	34.20207552	1.517333604	0.01
3.094140625	34.44165037	1.538825016	0.01
3.095605469	34.67657651	1.560157594	0.01
3.097070313	34.9154449	1.579767177	0.01
3.098535156	35.16834678	1.59962289	0.01
3.1	35.27005924	1.616937324	0.01
3.101464844	35.41462865	1.631596323	0.01
3.102929688	35.51428416	1.644762267	0.01
3.104394531	35.56942446	1.655107381	0.01
3.105859375	35.67360835	1.664918428	0.01
3.107324219	35.68787615	1.670207887	0.01
3.108789063	35.7415863	1.674169341	0.01
3.110253906	35.82485605	1.676024503	0.01
3.11171875	35.9354346	1.677141797	0.01
3.113183594	36.02043077	1.676947908	0.01
3.114648438	35.967209	1.672867981	0.01
3.116113281	35.84952501	1.66770994	0.01
3.117578125	35.71523701	1.662158296	0.01
3.119042969	35.52801683	1.654168261	0.01
3.120507813	35.34580412	1.646125281	0.01
3.121972656	35.20240848	1.639013864	0.01
3.1234375	35.03920133	1.632203412	0.01
3.124902344	34.8742214	1.624679709	0.01
3.126367188	34.71338715	1.61730598	0.01
3.127832031	34.52359514	1.609832239	0.01
3.129296875	34.38717095	1.60287787	0.01
3.130761719	34.27239762	1.595972693	0.01
3.132226563	34.19888407	1.590798909	0.01
3.133691406	34.14090381	1.584314621	0.01
3.13515625	34.03837426	1.575929557	0.01
3.136621094	34.01409207	1.567941257	0.01
3.138085938	34.03245672	1.558910239	0.01
3.139550781	34.02947675	1.547181011	0.01
3.141015625	34.0670134	1.534732389	0.01
3.142480469	34.12373523	1.520652564	0.01
3.143945313	34.16660756	1.50586487	0.01
3.145410156	34.27504775	1.490029753	0.01
3.146875	34.42680186	1.474355812	0.01
3.148339844	34.6141864	1.458493959	0.01
3.149804688	34.74395852	1.441090665	0.01
3.151269531	34.7223091	1.423031219	0.01
3.152734375	34.6867811	1.404498238	0.01
3.154199219	34.58950063	1.387352742	0.01
3.155664063	34.54257347	1.375538633	0.01
3.157128906	34.52610028	1.364956656	0.01
3.15859375	34.56249745	1.359206387	0.01
3.160058594	34.66845823	1.359080818	0.01
3.161523438	34.77661792	1.361529678	0.01
3.162988281	34.96036086	1.369479017	0.01
3.164453125	35.10005794	1.380748542	0.01
3.165917969	35.21491918	1.394756376	0.01
3.167382813	35.31705157	1.412231046	0.01
3.168847656	35.43133746	1.433883187	0.01
3.1703125	35.51716512	1.458051635	0.01
3.171777344	35.70144183	1.486270789	0.01
3.173242188	35.88458556	1.514729457	0.01
3.174707031	36.09738073	1.545128819	0.01
3.176171875	36.34154427	1.577946589	0.01
3.177636719	36.61947445	1.609497693	0.01
3.179101563	36.71934983	1.640748408	0.01
3.180566406	36.70483764	1.669534005	0.01
3.18203125	36.73751637	1.692974718	0.01
3.183496094	37.00726409	1.713582266	0.01
3.184960938	37.31037754	1.728045627	0.01
3.186425781	37.21902286	1.738133985	0.01
3.187890625	37.07821988	1.746884716	0.01
3.189355469	36.90162109	1.752412467	0.01
3.190820313	36.84949737	1.755098277	0.01
3.192285156	36.93503757	1.755723591	0.01
3.19375	37.00606765	1.750285422	0.01
3.195214844	37.17004287	1.740772366	0.01
3.196679688	37.18358534	1.728846127	0.01
3.198144531	37.14606089	1.712711893	0.01
3.199609375	37.16653809	1.695165743	0.01
3.201074219	37.13682334	1.674643723	0.01
3.202539063	37.14210045	1.653479297	0.01
3.204003906	37.15360749	1.631857246	0.01
3.20546875	37.07839642	1.610308381	0.01
3.206933594	37.08424243	1.589307953	0.01
3.208398438	37.08992256	1.568968226	0.01
3.209863281	37.1046678	1.5491101	0.01
3.211328125	37.2214645	1.53246084	0.01
3.212792969	37.31972581	1.517052824	0.01
3.214257813	37.43176068	1.503437246	0.01
3.215722656	37.57171118	1.493041534	0.01
3.2171875	37.70340398	1.484975697	0.01
3.218652344	37.87949536	1.478918248	0.01
3.220117188	37.97442844	1.473802818	0.01
3.221582031	37.94981342	1.466403878	0.01
3.223046875	37.9541421	1.464174297	0.01
3.224511719	38.00266536	1.465647485	0.01
3.225976563	38.08211315	1.470249849	0.01
3.227441406	38.19432015	1.477568757	0.01
3.22890625	38.41532717	1.489563659	0.01
3.230371094	38.62791124	1.507157662	0.01
3.231835938	38.94904222	1.530746942	0.01
3.233300781	39.28624757	1.55674058	0.01
3.234765625	39.63824052	1.583654577	0.01
3.236230469	39.89718419	1.613344457	0.01
3.237695313	40.16491439	1.643003887	0.01
3.239160156	40.4468787	1.672048212	0.01
3.240625	40.68852864	1.698744482	0.01
3.242089844	40.85264404	1.724762717	0.01
3.243554688	40.99197339	1.750589586	0.01
3.245019531	41.16869518	1.777368969	0.01
3.246484375	41.34996659	1.804093302	0.01
3.247949219	41.53070702	1.832515519	0.01
3.249414063	41.61442993	1.85936913	0.01
3.250878906	41.63965014	1.885737872	0.01
3.25234375	41.58708002	1.910269291	0.01
3.253808594	41.67423554	1.937251011	0.01
3.255273438	41.68272743	1.960542091	0.01
3.256738281	41.78460257	1.985215806	0.01
3.258203125	41.83158982	2.00579717	0.01
3.259667969	41.93685195	2.023755562	0.01
3.261132813	41.86743195	2.036006454	0.01
3.262597656	41.67773242	2.044214782	0.01
3.2640625	41.49591729	2.047675564	0.01
3.265527344	41.33791828	2.045413021	0.01
3.266992188	41.19092755	2.038103483	0.01
3.268457031	41.05840907	2.025130681	0.01
3.269921875	40.9889016	2.009633214	0.01
3.271386719	40.94475846	1.995092488	0.01
3.272851563	40.92609105	1.977722686	0.01
3.274316406	40.90157817	1.957555737	0.01
3.27578125	40.82196735	1.934179399	0.01
3.277246094	40.73652637	1.90981242	0.01
3.278710938	40.66002946	1.887027875	0.01
3.280175781	40.52625265	1.863665978	0.01
3.281640625	40.41680504	1.844208975	0.01
3.283105469	40.29088842	1.824241649	0.01
3.284570313	40.19109596	1.808729011	0.01
3.286035156	40.12119548	1.796158158	0.01
3.2875	40.0876174	1.787468864	0.01
3.288964844	39.96403213	1.779120032	0.01
3.290429688	39.8390666	1.772220241	0.01
3.291894531	39.67022766	1.763971673	0.01
3.293359375	39.51126072	1.757488985	0.01
3.294824219	39.39202245	1.753764103	0.01
3.296289063	39.27698552	1.749957705	0.01
3.297753906	39.18365231	1.747093032	0.01
3.29921875	39.12176745	1.746052342	0.01
3.300683594	39.14546445	1.746343755	0.01
3.302148438	39.22947171	1.748291554	0.01
3.303613281	39.33309885	1.749298503	0.01
3.305078125	39.41322857	1.748053974	0.01
3.306542969	39.44201373	1.744600858	0.01
3.308007813	39.46043783	1.740808078	0.01
3.309472656	39.46577427	1.734761463	0.01
3.3109375	39.57167551	1.731100087	0.01
3.312402344	39.63175322	1.725629675	0.01
3.313867188	39.64812432	1.720171619	0.01
3.315332031	39.66335998	1.715503924	0.01
3.316796875	39.62775859	1.708772631	0.01
3.318261719	39.55021138	1.702317566	0.01
3.319726563	39.41648528	1.696328276	0.01
3.321191406	39.18307725	1.687710997	0.01
3.32265625	38.87612843	1.680110089	0.01
3.324121094	38.6037352	1.674427084	0.01
3.325585938	38.37150252	1.670469327	0.01
3.327050781	38.23011093	1.66837168	0.01
3.328515625	38.26986058	1.669467378	0.01
3.329980469	38.24241538	1.676392625	0.01
3.331445313	38.5745099	1.68409296	0.01
3.332910156	38.5568445	1.696073655	0.01
3.334375	38.12436849	1.712471035	0.01
3.335839844	37.99786063	1.72909714	0.01
3.337304688	37.96840219	1.745538022	0.01
3.338769531	37.80061032	1.757558938	0.01
3.340234375	37.42564379	1.771065906	0.01
3.341699219	36.88429849	1.775072505	0.01
3.343164063	36.5512831	1.781045068	0.01
3.344628906	36.32362818	1.782515293	0.01
3.34609375	36.14139138	1.77998236	0.01
3.347558594	36.07441222	1.774698125	0.01
3.349023438	36.03933411	1.765049086	0.01
3.350488281	36.12326513	1.756976984	0.01
3.351953125	36.28083583	1.749100518	0.01
3.353417969	36.47545355	1.738485242	0.01
3.354882813	36.71420123	1.726476929	0.01
3.356347656	36.89636244	1.711652795	0.01
3.3578125	37.087458	1.697880071	0.01
3.359277344	37.32304122	1.683962911	0.01
3.360742188	37.53437939	1.669318474	0.01
3.362207031	37.70225169	1.652941104	0.01
3.363671875	37.92117529	1.639329364	0.01
3.365136719	38.13087238	1.627328258	0.01
3.366601563	38.39234618	1.616617201	0.01
3.368066406	38.65035392	1.609134372	0.01
3.36953125	38.7153985	1.603433718	0.01
3.370996094	38.73862019	1.598614448	0.01
3.372460938	38.84226131	1.595582787	0.01
3.373925781	38.99272635	1.594224538	0.01
3.375390625	39.14819008	1.593514501	0.01
3.376855469	39.35062749	1.593962924	0.01
3.378320313	39.60582254	1.597659225	0.01
3.379785156	39.89284827	1.601060197	0.01
3.38125	40.17826243	1.608339053	0.01
3.382714844	40.50759559	1.616486714	0.01
3.384179688	40.67193532	1.624810207	0.01
3.385644531	41.20579383	1.634825118	0.01
3.387109375	41.22772908	1.644311677	0.01
3.388574219	41.39104584	1.654726205	0.01
3.390039063	41.64968141	1.667674116	0.01
3.391503906	41.8553777	1.683061047	0.01
3.39296875	42.23614937	1.701073144	0.01
3.394433594	42.29675813	1.713239337	0.01
3.395898438	42.42527547	1.729088287	0.01
3.397363281	42.42502606	1.7445685	0.01
3.398828125	42.37856024	1.761225007	0.01
3.400292969	42.14500892	1.772368906	0.01
3.401757813	41.77129507	1.778824723	0.01
3.403222656	41.39276636	1.786318208	0.01
3.4046875	40.95878607	1.793265795	0.01
3.406152344	40.57699238	1.801969885	0.01
3.407617188	40.13659786	1.808333008	0.01
3.409082031	39.67356756	1.814265746	0.01
3.410546875	39.27005912	1.822903972	0.01
3.412011719	38.90539395	1.830629819	0.01
3.413476563	38.54736407	1.836991107	0.01
3.414941406	38.18268549	1.840091444	0.01
3.41640625	37.88469219	1.840770931	0.01
3.417871094	37.57156308	1.837444871	0.01
3.419335938	37.33945892	1.832494999	0.01
3.420800781	37.2015291	1.825750299	0.01
3.422265625	37.16767545	1.818625608	0.01
3.423730469	37.11577118	1.80634366	0.01
3.425195313	37.16255969	1.792667352	0.01
3.426660156	37.20097098	1.776004519	0.01
3.428125	37.22359168	1.757111298	0.01
3.429589844	37.26176255	1.73618453	0.01
3.431054688	37.2282862	1.713726232	0.01
3.432519531	37.18906359	1.691367444	0.01
3.433984375	37.12122351	1.67059037	0.01
3.435449219	37.10512408	1.653760277	0.01
3.436914063	37.02544796	1.63769382	0.01
3.438378906	36.99318714	1.625880624	0.01
3.43984375	36.88695018	1.613955854	0.01
3.441308594	36.74355486	1.604083437	0.01
3.442773438	36.56284373	1.595829028	0.01
3.444238281	36.42871333	1.590722492	0.01
3.445703125	36.27132435	1.588035165	0.01
3.447167969	36.1473973	1.587706158	0.01
3.448632813	36.03325126	1.589371874	0.01
3.450097656	35.94162837	1.592637771	0.01
3.4515625	35.9293422	1.599840806	0.01
3.453027344	35.9456814	1.607688624	0.01
3.454492188	36.01272085	1.616932621	0.01
3.455957031	36.08207812	1.625103328	0.01
3.457421875	36.10936642	1.632680888	0.01
3.458886719	36.28741456	1.642768738	0.01
3.460351563	36.43167623	1.650818581	0.01
3.461816406	36.6507513	1.660928856	0.01
3.46328125	36.85894138	1.669096495	0.01
3.464746094	37.09283703	1.676339674	0.01
3.466210938	37.34567636	1.683334967	0.01
3.467675781	37.62034589	1.689823806	0.01
3.469140625	37.87956941	1.696146996	0.01
3.470605469	38.14880183	1.702150803	0.01
3.472070313	38.48856107	1.7110428	0.01
3.473535156	38.80097434	1.717617141	0.01
3.475	39.07568325	1.723075273	0.01
3.476464844	39.35039215	1.728533405	0.01
3.477929688	39.42720934	1.731309001	0.01
3.479394531	39.52399559	1.733282188	0.01
3.480859375	39.54293267	1.731973328	0.01
3.482324219	39.5126849	1.727615713	0.01
3.483789063	39.46500676	1.723384983	0.01
3.485253906	39.43359176	1.718661472	0.01
3.48671875	39.38570722	1.712394583	0.01
3.488183594	39.38746563	1.706159421	0.01
3.489648438	39.36876115	1.697779343	0.01
3.491113281	39.33768308	1.685936791	0.01
3.492578125	39.29723328	1.671155795	0.01
3.494042969	39.30925253	1.656093173	0.01
3.495507813	39.3882466	1.638755158	0.01
3.496972656	39.50414159	1.619570226	0.01
3.4984375	39.66982842	1.597449579	0.01
3.499902344	39.94947432	1.576690179	0.01
3.501367188	40.23606891	1.556212319	0.01
3.502832031	40.18194411	1.533950322	0.01
3.504296875	40.40124455	1.511082951	0.01
3.505761719	40.45869247	1.486979164	0.01
3.507226563	40.42542187	1.464829193	0.01
3.508691406	40.22148725	1.438915013	0.01
3.51015625	40.2052332	1.417439732	0.01
3.511621094	40.14432343	1.397861044	0.01
3.513085938	40.06268109	1.379036781	0.01
3.514550781	40.02967168	1.360079413	0.01
3.516015625	39.94676167	1.344350344	0.01
3.517480469	39.84856617	1.33118061	0.01
3.518945313	39.61350869	1.318229007	0.01
3.520410156	39.42966297	1.309232855	0.01
3.521875	39.2068395	1.302481087	0.01
3.523339844	39.17648247	1.301230332	0.01
3.524804688	39.11111743	1.301302272	0.01
3.526269531	39.18248523	1.306316326	0.01
3.527734375	39.16832452	1.312788368	0.01
3.529199219	39.20178432	1.320653078	0.01
3.530664063	39.2622927	1.327776143	0.01
3.532128906	39.35141835	1.335917283	0.01
3.53359375	39.52215652	1.346904024	0.01
3.535058594	39.72606612	1.359256554	0.01
3.536523438	40.02961925	1.37390166	0.01
3.537988281	40.39175287	1.389110771	0.01
3.539453125	40.80882325	1.408163102	0.01
3.540917969	41.21312108	1.425580341	0.01
3.542382813	41.6866277	1.445281505	0.01
3.543847656	42.1358986	1.46485479	0.01
3.5453125	42.54084273	1.483115626	0.01
3.546777344	43.05944301	1.502658606	0.01
3.548242188	43.53540914	1.520767783	0.01
3.549707031	44.00073957	1.539218944	0.01
3.551171875	44.51425923	1.560032271	0.01
3.552636719	44.97415418	1.578890718	0.01
3.554101563	45.35651058	1.596356164	0.01
3.555566406	45.64412976	1.60560875	0.01
3.55703125	45.99124108	1.611295279	0.01
3.558496094	46.40920025	1.618838422	0.01
3.559960938	46.70897838	1.624884391	0.01
3.561425781	46.71610754	1.619573554	0.01
3.562890625	46.79194784	1.613844747	0.01
3.564355469	46.79641734	1.601564651	0.01
3.565820313	46.97411919	1.591660079	0.01
3.567285156	47.14992238	1.5783373	0.01
3.56875	47.32316739	1.564300607	0.01
3.570214844	47.64642898	1.552021479	0.01
3.571679688	47.9905721	1.538977271	0.01
3.573144531	48.39320259	1.529551242	0.01
3.574609375	48.85129636	1.522640153	0.01
3.576074219	49.28059556	1.514437313	0.01
3.577539063	49.78813036	1.508764987	0.01
3.579003906	50.19117203	1.502048987	0.01
3.58046875	50.47715746	1.492700591	0.01
3.581933594	50.71999128	1.482564236	0.01
3.583398438	50.85385974	1.472743573	0.01
3.584863281	51.02033729	1.464608547	0.01
3.586328125	51.17889492	1.458700174	0.01
3.587792969	51.18135476	1.450913783	0.01
3.589257813	51.3357313	1.447637316	0.01
3.590722656	51.38124018	1.44354921	0.01
3.5921875	51.46492373	1.442259309	0.01
3.593652344	51.43430114	1.437973061	0.01
3.595117188	51.42352958	1.436472827	0.01
3.596582031	51.37993415	1.434375342	0.01
3.598046875	51.31274792	1.43504064	0.01
3.599511719	51.24217798	1.437586471	0.01
3.600976563	51.23780293	1.444712155	0.01
3.602441406	51.36756858	1.457314514	0.01
3.60390625	51.41624019	1.470585626	0.01
3.605371094	51.47048469	1.485280483	0.01
3.606835938	51.53294597	1.501574597	0.01
3.608300781	51.63360102	1.519839101	0.01
3.609765625	51.62530661	1.533501874	0.01
3.611230469	51.43494375	1.539256215	0.01
3.612695313	51.33907483	1.544129094	0.01
3.614160156	51.43485413	1.551827739	0.01
3.615625	51.52244105	1.557592549	0.01
3.617089844	51.67735485	1.565597798	0.01
3.618554688	51.86299671	1.570242548	0.01
3.620019531	52.2536263	1.578696432	0.01
3.621484375	52.7678019	1.588743971	0.01
3.622949219	53.25908468	1.596268192	0.01
3.624414063	53.82942887	1.601920215	0.01
3.625878906	54.17695067	1.607410361	0.01
3.62734375	54.47516001	1.60913658	0.01
3.628808594	54.79981111	1.608691617	0.01
3.630273438	55.10724633	1.608485711	0.01
3.631738281	55.38391243	1.609991888	0.01
3.633203125	55.58005489	1.610647409	0.01
3.634667969	55.67312971	1.610216641	0.01
3.636132813	55.70193472	1.608498987	0.01
3.637597656	55.72103199	1.607715533	0.01
3.6390625	55.60940819	1.604572889	0.01
3.640527344	55.44086927	1.599802403	0.01
3.641992188	55.23373728	1.594657872	0.01
3.643457031	55.04216335	1.590763143	0.01
3.644921875	54.78923342	1.585983447	0.01
3.646386719	54.54565866	1.582528488	0.01
3.647851563	54.3861264	1.580527591	0.01
3.649316406	54.12889612	1.577068362	0.01
3.65078125	53.7277289	1.569953668	0.01
3.652246094	53.4484603	1.564780864	0.01
3.653710938	53.26475574	1.5608264	0.01
3.655175781	53.14186926	1.558932913	0.01
3.656640625	52.90751311	1.558358373	0.01
3.658105469	52.61490496	1.560881006	0.01
3.659570313	52.38789365	1.567041423	0.01
3.661035156	52.56539464	1.583715887	0.01
3.6625	52.95128334	1.604601237	0.01
3.663964844	53.04398857	1.626262634	0.01
3.665429688	53.12317752	1.649313774	0.01
3.666894531	53.20712406	1.673083969	0.01
3.668359375	53.22178768	1.697919584	0.01
3.669824219	53.15810141	1.719111355	0.01
3.671289063	52.9052609	1.737349367	0.01
3.672753906	52.56816491	1.752698961	0.01
3.67421875	52.40116941	1.769935755	0.01
3.675683594	52.12656194	1.782870582	0.01
3.677148438	52.15435991	1.798064269	0.01
3.678613281	52.17778807	1.810941791	0.01
3.680078125	52.18550887	1.822698045	0.01
3.681542969	52.35066856	1.836284927	0.01
3.683007813	52.43703193	1.845296125	0.01
3.684472656	52.65112116	1.853798996	0.01
3.6859375	52.8525483	1.857647451	0.01
3.687402344	53.19546215	1.86175018	0.01
3.688867188	53.51650668	1.862772632	0.01
3.690332031	53.50419983	1.854920613	0.01
3.691796875	53.35636418	1.840641954	0.01
3.693261719	53.24442963	1.824797659	0.01
3.694726563	53.13932993	1.8074687	0.01
3.696191406	52.9384353	1.787720857	0.01
3.69765625	52.75848486	1.767936286	0.01
3.699121094	52.64334067	1.748016374	0.01
3.700585938	52.76692717	1.73268677	0.01
3.702050781	52.90475096	1.718699701	0.01
3.703515625	53.02588572	1.703416232	0.01
3.704980469	53.21490622	1.688619839	0.01
3.706445313	53.39879555	1.673399749	0.01
3.707910156	53.48023353	1.656526803	0.01
3.709375	53.6568574	1.643525518	0.01
3.710839844	53.93942659	1.634658	0.01
3.712304688	54.31459145	1.628502421	0.01
3.713769531	54.8062823	1.62322029	0.01
3.715234375	55.09046179	1.617301462	0.01
3.716699219	55.42726692	1.613769097	0.01
3.718164063	55.74648238	1.610608847	0.01
3.719628906	56.10151343	1.607546829	0.01
3.72109375	56.05046242	1.600243851	0.01
3.722558594	55.7610628	1.595495194	0.01
3.724023438	55.51879331	1.590243604	0.01
3.725488281	55.38425779	1.589283657	0.01
3.726953125	55.14813632	1.586050303	0.01
3.728417969	55.00754686	1.586497855	0.01
3.729882813	54.83346881	1.588726346	0.01
3.731347656	54.69216797	1.59479695	0.01
3.7328125	54.54593729	1.604160054	0.01
3.734277344	54.40725462	1.616608762	0.01
3.735742188	54.32309212	1.632067781	0.01
3.737207031	54.13613816	1.648780529	0.01
3.738671875	54.05354978	1.670427398	0.01
3.740136719	53.96395045	1.692069057	0.01
3.741601563	53.79622005	1.713033383	0.01
3.743066406	53.67224126	1.734973499	0.01
3.74453125	53.39179613	1.756238472	0.01
3.745996094	53.07978279	1.775869834	0.01
3.747460938	52.71166391	1.793366543	0.01
3.748925781	52.35640138	1.806617506	0.01
3.750390625	52.01269502	1.816845332	0.01
3.751855469	51.61152758	1.826556505	0.01
3.753320313	51.09744261	1.831115425	0.01
3.754785156	50.64112621	1.829881604	0.01
3.75625	50.25488327	1.822565139	0.01
3.757714844	50.00410833	1.812205678	0.01
3.759179688	49.73435961	1.795208367	0.01
3.760644531	49.53082303	1.773923516	0.01
3.762109375	49.43979357	1.750743913	0.01
3.763574219	49.40394053	1.72465563	0.01
3.765039063	49.39994234	1.697137385	0.01
3.766503906	49.37945082	1.667066545	0.01
3.76796875	49.39497133	1.639650109	0.01
3.769433594	49.36515727	1.611175183	0.01
3.770898438	49.2843593	1.58216114	0.01
3.772363281	49.25869658	1.558002935	0.01
3.773828125	49.13902511	1.532375737	0.01
3.775292969	49.02100022	1.509426736	0.01
3.776757813	48.84619205	1.487794001	0.01
3.778222656	48.6872021	1.468096453	0.01
3.7796875	48.52765324	1.449735005	0.01
3.781152344	48.52055809	1.435620111	0.01
3.782617188	48.5583197	1.424146525	0.01
3.784082031	48.5879536	1.41430191	0.01
3.785546875	48.60217014	1.405583911	0.01
3.787011719	48.57550602	1.39753161	0.01
3.788476563	48.58471546	1.391840484	0.01
3.789941406	48.67359424	1.389822997	0.01
3.79140625	48.78312703	1.39163425	0.01
3.792871094	48.96586595	1.396643077	0.01
3.794335938	49.18822596	1.4027785	0.01
3.795800781	49.50405185	1.411918617	0.01
3.797265625	49.77572373	1.420607433	0.01
3.798730469	50.16287035	1.431972384	0.01
3.800195313	50.4380471	1.43861863	0.01
3.801660156	50.56920286	1.444403635	0.01
3.803125	50.5558549	1.451363319	0.01
3.804589844	50.59873887	1.457968112	0.01
3.806054688	50.6036326	1.467683751	0.01
3.807519531	50.58390287	1.475868396	0.01
3.808984375	50.50885925	1.48524206	0.01
3.810449219	50.58348146	1.497869089	0.01
3.811914063	50.75541589	1.513944852	0.01
3.813378906	50.87717451	1.529868657	0.01
3.81484375	50.86694612	1.543045043	0.01
3.816308594	50.70528918	1.553899521	0.01
3.817773438	50.47651065	1.563326807	0.01
3.819238281	50.09977932	1.566931942	0.01
3.820703125	49.55433097	1.56541572	0.01
3.822167969	48.91205766	1.558036054	0.01
3.823632813	48.31860249	1.546801888	0.01
3.825097656	47.74023808	1.533152727	0.01
3.8265625	47.26830677	1.517719756	0.01
3.828027344	46.90817285	1.500407017	0.01
3.829492188	46.71928998	1.483011083	0.01
3.830957031	46.70408798	1.466347905	0.01
3.832421875	46.83971404	1.449127115	0.01
3.833886719	47.17525562	1.433394769	0.01
3.835351563	47.62131423	1.417886514	0.01
3.836816406	48.1416568	1.401430477	0.01
3.83828125	48.76635646	1.387629515	0.01
3.839746094	49.54448373	1.377210439	0.01
3.841210938	50.30740497	1.367561911	0.01
3.842675781	51.18572182	1.36170331	0.01
3.844140625	51.9508833	1.358031775	0.01
3.845605469	52.72673674	1.357389926	0.01
3.847070313	53.44969626	1.358395545	0.01
3.848535156	54.11803951	1.363346696	0.01
3.85	54.41919769	1.369741066	0.01
3.851464844	54.59931548	1.372639408	0.01
3.852929688	54.57824041	1.379028398	0.01
3.854394531	54.48046048	1.387035495	0.01
3.855859375	54.36202878	1.400101538	0.01
3.857324219	54.1791934	1.413334789	0.01
3.858789063	54.12302249	1.432199819	0.01
3.860253906	53.94637253	1.452116887	0.01
3.86171875	53.75001071	1.472924045	0.01
3.863183594	53.72300608	1.495323573	0.01
3.864648438	53.4603578	1.518239454	0.01
3.866113281	53.240434	1.539753665	0.01
3.867578125	53.09905317	1.565123807	0.01
3.869042969	52.91673696	1.589197514	0.01
3.870507813	52.80212867	1.611774318	0.01
3.871972656	52.69565845	1.628431505	0.01
3.8734375	52.60561444	1.64574274	0.01
3.874902344	52.7042447	1.662615558	0.01
3.876367188	52.85940547	1.675759389	0.01
3.877832031	53.16645536	1.688479162	0.01
3.879296875	53.78358368	1.70541171	0.01
3.880761719	55.01788339	1.731478355	0.01
3.882226563	56.59771077	1.762914976	0.01
3.883691406	58.08027372	1.78998506	0.01
3.88515625	59.48755573	1.812684763	0.01
3.886621094	60.78814039	1.829786514	0.01
3.888085938	62.16383013	1.842987063	0.01
3.889550781	63.16471027	1.850241234	0.01
3.891015625	63.66840721	1.84339829	0.01
3.892480469	63.98865405	1.829571631	0.01
3.893945313	64.03940687	1.813568256	0.01
3.895410156	63.77496364	1.798955278	0.01
3.896875	63.17587738	1.784162491	0.01
3.898339844	62.18943887	1.758344605	0.01
3.899804688	61.12817086	1.7226324	0.01
3.901269531	60.01976483	1.68440861	0.01
3.902734375	58.70085999	1.65003666	0.01
3.904199219	57.46246007	1.615057238	0.01
3.905664063	56.28352866	1.577176853	0.01
3.907128906	55.31317232	1.541127678	0.01
3.90859375	54.56797657	1.504411472	0.01
3.910058594	54.53568408	1.477319783	0.01
3.911523438	55.00732933	1.457723931	0.01
3.912988281	55.83214014	1.441977225	0.01
3.914453125	56.98742639	1.42794848	0.01
3.915917969	58.45925784	1.416401914	0.01
3.917382813	59.88600465	1.406272037	0.01
3.918847656	61.60128452	1.398107316	0.01
3.9203125	63.00185397	1.383569965	0.01
3.921777344	64.23997876	1.367188603	0.01
3.923242188	65.64626259	1.355318293	0.01
3.924707031	67.03147168	1.347929138	0.01
3.926171875	68.44019286	1.344313816	0.01
3.927636719	69.61657786	1.343426157	0.01
3.929101563	70.67364697	1.346747047	0.01
3.930566406	71.81117647	1.358051384	0.01
3.93203125	72.78700602	1.376171051	0.01
3.933496094	73.58802586	1.396439065	0.01
3.934960938	74.24736686	1.419482222	0.01
3.936425781	74.90670786	1.44252538	0.01
3.937890625	75.56604886	1.465568538	0.01
3.939355469	76.22538987	1.488611696	0.01
3.940820313	76.88473087	1.511654853	0.01
3.942285156	77.54407187	1.534698011	0.01
3.94375	78.20341287	1.557741169	0.01
3.945214844	78.86275388	1.580784326	0.01
3.946679688	79.52209488	1.603827484	0.01
3.948144531	80.18143588	1.626870642	0.01
3.949609375	80.84077688	1.6499138	0.01
3.951074219	81.50011788	1.672956957	0.01
3.952539063	82.15945889	1.696000115	0.01
3.954003906	82.81879989	1.719043273	0.01
3.95546875	83.47814089	1.742086431	0.01
3.956933594	84.13748189	1.765129588	0.01
3.958398438	84.7968229	1.788172746	0.01
3.959863281	85.4561639	1.811215904	0.01
3.961328125	86.1155049	1.834259061	0.01
3.962792969	86.7748459	1.857302219	0.01
3.964257813	87.4341869	1.880345377	0.01
3.965722656	88.09352791	1.903388535	0.01
3.9671875	88.75286891	1.926431692	0.01
3.968652344	89.41220991	1.94947485	0.01
3.970117188	90.07155091	1.972518008	0.01
3.971582031	90.73089191	1.995561165	0.01
3.973046875	91.39023292	2.018604323	0.01
3.974511719	92.04957392	2.041647481	0.01
3.975976563	92.70891492	2.064690639	0.01
3.977441406	93.36825592	2.087733796	0.01
3.97890625	94.02759693	2.110776954	0.01
3.980371094	94.68693793	2.133820112	0.01
3.981835938	95.34627893	2.15686327	0.01
3.983300781	96.00561993	2.179906427	0.01
3.984765625	96.66496093	2.202949585	0.01
3.986230469	97.32430194	2.225992743	0.01
3.987695313	97.98364294	2.2490359	0.01
3.989160156	98.64298394	2.272079058	0.01
3.990625	99.30232494	2.295122216	0.01
3.992089844	99.96166595	2.318165374	0.01
3.993554688	100.6210069	2.341208531	0.01
3.995019531	101.2803479	2.364251689	0.01
3.996484375	101.939689	2.387294847	0.01
3.997949219	102.59903	2.410338004	0.01
3.999414063	103.258371	2.433381162	0.01
4.000878906	103.917712	2.45642432	0.01
