J0023+0923  L-wide_PUPPI       1400      -3.70    -1.84     0.03       0.21     0.35     0.66     63
J0023+0923  430_PUPPI           430     -11.90     0.02    14.58       1.77     2.50     3.62     78
J0023+0923  Rcvr1_2_GUPPI      1400      -0.62    -0.62    -0.62       0.69     0.69     0.69      1
J0030+0451  L-wide_PUPPI       1400      -2.52    -1.73    -0.71       0.88     1.25     1.68    183
J0030+0451  S-wide_PUPPI       2000      -2.42    -1.81    -0.84       0.48     0.66     0.84     80
J0030+0451  430_PUPPI           430     -22.19    -1.64    23.70       2.38     6.30    23.53    212
J0125-2327  Rcvr1_2_GUPPI      1400      -0.95     0.18     1.25       1.16     2.47     3.93     23
J0125-2327  Rcvr_800_GUPPI      800      -4.58    -2.47     3.94       1.37     3.06     6.52     21
J0154+1833  430_PUPPI           430     -10.50    -9.18    -7.20       2.10     2.32     2.53      3
J0154+1833  L-wide_PUPPI       1400      -7.68    -2.10     0.04       0.12     0.14     0.34      6
J0337+1715  S-wide_PUPPI       2000      -2.97    -1.84     1.19       0.70     1.08     1.45     11
J0337+1715  430_PUPPI           430      -2.83    -1.04     0.45      11.90    13.05    14.61     34
J0337+1715  L-wide_PUPPI       1400      -2.72    -1.59    -0.97       1.28     1.64     2.11     50
J0340+4130  Rcvr_800_GUPPI      800      -2.98    -2.18    -1.42       1.19     1.53     1.92    102
J0340+4130  Rcvr1_2_GUPPI      1400      -2.19    -1.85    -1.43       0.46     0.54     0.62     95
J0406+3039  S-wide_PUPPI       2000      -1.29    -0.46     0.40       0.27     0.34     0.40     31
J0406+3039  L-wide_PUPPI       1400      -1.45    -1.07    -0.43       0.43     0.57     0.68     52
J0509+0856  L-wide_PUPPI       1400      -2.40    -1.81    -1.25       1.22     1.50     1.80     45
J0509+0856  S-wide_PUPPI       2000      -2.18    -1.11    -0.20       0.70     0.90     1.10     33
J0557+1551  L-wide_PUPPI       1400      -1.22    -0.53     0.05       0.10     0.11     0.13     32
J0557+1551  S-wide_PUPPI       2000      -1.45     0.12     3.88       0.12     0.20     0.22      3
J0605+3757  Rcvr1_2_GUPPI      1400      -1.85    -0.80     1.77       0.35     0.46     0.72     17
J0605+3757  Rcvr_800_GUPPI      800      -2.41    -1.40     0.02       1.07     1.23     1.47     12
J0610-2100  Rcvr_800_GUPPI      800      -2.81    -0.90     0.22       1.51     1.83     2.32     37
J0610-2100  Rcvr1_2_GUPPI      1400      -1.79    -0.71     0.50       0.60     0.81     1.07     30
J0613-0200  Rcvr_800_GUPPI      800      -3.58    -2.74    -1.80       5.49     6.71     8.47    125
J0613-0200  Rcvr1_2_GUPPI      1400      -2.81    -2.03    -1.40       1.79     2.17     2.49    109
J0614-3329  Rcvr_800_GUPPI      800      -3.62    -1.34     1.65       1.50     2.05     2.72     29
J0614-3329  Rcvr1_2_GUPPI      1400      -2.27    -1.17    -0.01       0.61     0.92     1.40     22
J0621+2514  S-wide_PUPPI       2000      -0.21     0.25     0.57       0.20     0.21     0.24      4
J0621+2514  L-wide_PUPPI       1400      -1.43    -0.69    -0.34       0.23     0.24     0.29     13
J0636+5128  Rcvr1_2_GUPPI      1400      -2.27    -1.10     0.03       0.67     0.81     1.01     31
J0636+5128  Rcvr_800_GUPPI      800      -3.31    -1.21     0.72       1.65     2.10     3.01     68
J0645+5158  Rcvr1_2_GUPPI      1400      -4.18    -1.36     0.59       0.18     0.37     0.99     83
J0645+5158  Rcvr_800_GUPPI      800      -7.63    -2.76     2.29       0.48     0.78     2.16     93
J0709+0458  L-wide_PUPPI       1400      -2.04    -1.64    -0.22       0.23     0.32     0.37     46
J0709+0458  S-wide_PUPPI       2000      -1.86    -0.88     0.75       0.20     0.24     0.39     23
J0721-2038  Rcvr_800_GUPPI      800      -2.51    -2.48    -2.32       0.79     0.88     0.88      3
J0732+2314  L-wide_PUPPI       1400      -2.38    -1.51     0.89       0.43     0.81     1.59     24
J0732+2314  430_PUPPI           430     -10.49    -2.08     2.77       2.76     4.33     6.35     27
J0740+6620  Rcvr_800_GUPPI      800      -7.53    -1.55     3.20       1.25     2.20     5.06     80
J0740+6620  Rcvr1_2_GUPPI      1400      -2.50    -0.83     1.26       0.66     1.02     1.93    101
J0751+1807  L-wide_PUPPI       1400      -2.29    -1.38    -0.24       0.77     1.11     1.50     12
J0751+1807  430_PUPPI           430      -4.91    -1.32     3.00       3.11     3.59     4.65     18
J0931-1902  Rcvr1_2_GUPPI      1400      -2.70    -1.25     0.17       0.61     0.84     1.36     75
J0931-1902  Rcvr_800_GUPPI      800      -3.71    -1.71     0.68       1.46     2.03     2.78     84
J1012+5307  Rcvr1_2_GUPPI      1400      -4.48    -1.42     0.89       1.40     3.08     6.48     77
J1012+5307  Rcvr_800_GUPPI      800      -9.26    -1.79     4.08       3.19     7.24    17.30    121
J1012-4235  Rcvr_800_GUPPI      800      -1.52    -1.16    -0.80       0.61     0.65     0.86     14
J1012-4235  Rcvr1_2_GUPPI      1400      -0.71    -0.35     0.21       0.42     0.53     0.61     21
J1022+1001  S-wide_PUPPI       2000      -3.23    -0.97     0.21       1.17     1.97     4.38     31
J1022+1001  430_PUPPI           430     -29.35     0.96    18.83       7.29    15.22    26.11     17
J1022+1001  L-wide_PUPPI       1400      -5.01    -2.94    -1.09       2.25     4.26     8.42     26
J1022+1001  Rcvr1_2_GUPPI      1400      -1.86    -1.25    -0.64       3.31     4.79     6.27      2
J1024-0719  Rcvr1_2_GUPPI      1400      -2.84    -0.51     1.32       0.76     1.42     2.84    104
J1024-0719  Rcvr_800_GUPPI      800      -6.04    -0.63     4.50       1.33     2.52     7.09    110
J1125+7819  Rcvr_800_GUPPI      800      -4.16    -1.24     2.76       1.46     2.51     6.05     76
J1125+7819  Rcvr1_2_GUPPI      1400      -3.94    -2.18     0.06       0.54     0.83     1.64     66
J1221-0633  Rcvr_800_GUPPI      800      -1.81    -1.81    -1.81       1.25     1.25     1.25      1
J1312+0051  L-wide_PUPPI       1400      -1.99    -0.45     0.41       0.28     0.42     0.56     39
J1312+0051  S-wide_PUPPI       2000      -1.69    -0.60     2.20       0.20     0.26     0.36     24
J1327+3423  430_PUPPI           430     -35.11   -16.28    15.82       1.64     3.41    13.81     26
J1327+3423  L-wide_PUPPI       1400      -3.77    -1.15     1.72       0.17     0.47     1.55     15
J1400-1431  Rcvr1_2_GUPPI      1400      -1.25    -1.25    -1.25       0.34     0.34     0.34      1
J1453+1902  L-wide_PUPPI       1400      -2.70    -0.80     0.57       0.23     0.36     0.60     49
J1453+1902  430_PUPPI           430     -22.59    -6.85    12.15       1.08     1.97     3.86     39
J1455-3330  Rcvr_800_GUPPI      800      -6.44    -2.26     1.92       1.46     2.21     4.95    120
J1455-3330  Rcvr1_2_GUPPI      1400      -3.08    -1.17     0.89       0.45     0.81     1.39    110
J1600-3053  Rcvr1_2_GUPPI      1400      -1.14    -0.76    -0.32       2.03     2.44     3.04    101
J1600-3053  Rcvr_800_GUPPI      800      -1.01    -0.37     0.18       2.75     3.31     3.99    119
J1614-2230  Rcvr_800_GUPPI      800      -2.84    -1.77    -0.79       2.09     2.69     3.54    122
J1614-2230  Rcvr1_2_GUPPI      1400      -2.51    -1.70    -0.95       0.80     1.10     1.45    116
J1630+3550  L-wide_PUPPI       1400       0.98     1.88     2.78       0.12     0.15     0.18      2
J1630+3550  430_PUPPI           430      12.20    12.20    12.20       2.45     2.45     2.45      1
J1630+3734  Rcvr1_2_GUPPI      1400      -2.49    -1.05    -0.10       0.38     0.56     0.97     30
J1630+3734  Rcvr_800_GUPPI      800      -3.38    -1.11     4.18       1.03     1.56     2.65     29
J1640+2224  L-wide_PUPPI       1400      -5.03    -2.05     0.86       0.28     0.55     1.26    197
J1640+2224  430_PUPPI           430     -19.87    -1.91    12.85       3.45     6.01    10.73    223
J1643-1224  Rcvr1_2_GUPPI      1400      -1.77    -1.52    -1.22       3.93     4.65     5.36    112
J1643-1224  Rcvr_800_GUPPI      800      -2.37    -2.04    -1.73      11.50    13.04    14.46    122
J1705-1903  Rcvr_800_GUPPI      800      -0.84    -0.08     0.59       1.00     1.08     1.50     39
J1705-1903  Rcvr1_2_GUPPI      1400      -1.23    -0.85    -0.25       0.47     0.63     0.77     15
J1713+0747  Rcvr_800_GUPPI      800      -5.69    -0.86     3.65       3.94     6.60    12.19    123
J1713+0747  L-wide_PUPPI       1400      -3.62    -0.99     2.70       2.63     5.01    11.11    125
J1713+0747  Rcvr1_2_GUPPI      1400      -3.15    -0.42     2.34       2.04     4.22     9.20    295
J1713+0747  S-wide_PUPPI       2000      -5.87    -1.15     4.07       1.65     3.72     9.54    123
J1719-1438  Rcvr1_2_GUPPI      1400      -2.78    -0.96     0.00       0.74     0.93     1.08     31
J1719-1438  Rcvr_800_GUPPI      800      -2.55    -1.51    -0.75       2.29     2.62     3.12     34
J1730-2304  Rcvr1_2_GUPPI      1400      -3.21    -1.50    -0.51       1.92     3.11     5.14     31
J1730-2304  Rcvr_800_GUPPI      800      -3.96    -2.43    -0.47       7.08     9.29    12.22     38
J1738+0333  L-wide_PUPPI       1400      -2.77    -1.27     0.54       0.40     0.61     1.08     68
J1738+0333  S-wide_PUPPI       2000      -3.78    -0.73     3.73       0.33     0.53     1.55     22
J1741+1351  S-wide_PUPPI       2000      -3.73    -3.73    -3.73       0.64     0.64     0.64      1
J1741+1351  L-wide_PUPPI       1400      -3.96    -0.64     1.83       0.16     0.28     0.71     82
J1741+1351  430_PUPPI           430     -13.17    -3.61     6.51       2.08     3.27     5.20     81
J1744-1134  Rcvr_800_GUPPI      800      -8.06    -1.91     4.08       2.74     5.34    10.00    124
J1744-1134  Rcvr1_2_GUPPI      1400      -4.28    -1.63     0.86       1.06     1.95     4.81    108
J1745+1017  L-wide_PUPPI       1400      -2.37    -0.74     0.91       0.45     0.72     0.98     55
J1745+1017  S-wide_PUPPI       2000      -3.64    -0.84     2.16       0.33     0.47     0.83     28
J1747-4036  Rcvr1_2_GUPPI      1400      -2.29    -1.85    -1.45       1.37     1.59     2.03     92
J1747-4036  Rcvr_800_GUPPI      800      -2.29    -1.92    -1.60       5.82     7.28     9.04     96
J1751-2857  Rcvr_800_GUPPI      800      -2.94    -1.72    -1.02       2.08     2.32     2.60     12
J1751-2857  Rcvr1_2_GUPPI      1400      -1.62    -1.03    -0.63       0.56     0.67     0.74     36
J1802-2124  Rcvr_800_GUPPI      800      -1.62    -1.28    -1.04       2.94     3.83     4.26     39
J1802-2124  Rcvr1_2_GUPPI      1400      -3.04    -2.26    -1.76       0.81     1.00     1.22     28
J1803+1358  430_PUPPI           430      -6.46    -6.46    -6.46      13.76    13.76    13.76      1
J1803+1358  L-wide_PUPPI       1400      -2.37    -1.77    -1.68       0.33     0.37     0.42      3
J1811-2405  Rcvr1_2_GUPPI      1400      -2.54    -2.00    -1.54       1.34     1.55     1.96     33
J1811-2405  Rcvr_800_GUPPI      800      -2.31    -1.95    -1.40       3.68     4.45     5.32     37
J1832-0836  Rcvr_800_GUPPI      800      -2.27    -1.66    -0.92       3.08     3.63     4.45     83
J1832-0836  Rcvr1_2_GUPPI      1400      -2.00    -1.35    -0.58       0.84     1.04     1.35     83
J1843-1113  Rcvr1_2_GUPPI      1400      -2.11    -1.11    -0.33       0.46     0.62     0.77     33
J1843-1113  Rcvr_800_GUPPI      800      -2.73    -1.80    -1.09       1.21     1.65     2.60     38
J1853+1303  430_PUPPI           430      -6.81    -1.59     4.31       3.21     4.70     7.04     85
J1853+1303  L-wide_PUPPI       1400      -3.24    -1.43     0.85       0.30     0.45     0.72     78
B1855+09    L-wide_PUPPI       1400      -3.52    -1.66     0.40       2.47     3.80     6.51     70
B1855+09    430_PUPPI           430      -5.85    -0.42     4.08      13.37    17.65    24.03     84
J1903+0327  L-wide_PUPPI       1400       0.49     0.86     1.09       0.54     0.65     0.79     67
J1903+0327  S-wide_PUPPI       2000      -1.38    -1.01    -0.31       0.42     0.49     0.59     36
J1909-3744  Rcvr_800_GUPPI      800      -7.73    -2.11     2.92       1.61     3.01     5.00    123
J1909-3744  Rcvr1_2_GUPPI      1400      -4.65    -1.62     1.82       0.56     1.03     2.32    317
J1911+1347  430_PUPPI           430      -2.05     0.22     2.84       2.38     3.66     4.58     75
J1911+1347  S-wide_PUPPI       2000       0.83     0.83     0.83       0.55     0.55     0.55      1
J1911+1347  L-wide_PUPPI       1400      -2.54    -1.21    -0.15       0.47     0.74     1.22     79
J1918-0642  Rcvr1_2_GUPPI      1400      -3.41    -1.81     0.01       0.96     1.48     1.97    111
J1918-0642  Rcvr_800_GUPPI      800      -3.97    -2.29    -0.29       3.29     4.41     5.65    123
J1923+2515  L-wide_PUPPI       1400      -3.24    -1.10     0.55       0.21     0.34     0.53     81
J1923+2515  430_PUPPI           430     -12.60    -3.23     8.54       1.94     2.57     3.44     76
B1937+21    S-wide_PUPPI       2000      -3.95    -2.81    -1.29       2.92     4.53     7.05     43
B1937+21    Rcvr1_2_GUPPI      1400      -3.23    -2.55    -1.87      10.02    13.54    18.05     89
B1937+21    L-wide_PUPPI       1400      -3.59    -2.76    -1.93      11.11    13.82    18.17     24
B1937+21    Rcvr_800_GUPPI      800      -3.34    -2.74    -2.06      46.71    58.41    74.93    116
J1944+0907  L-wide_PUPPI       1400      -4.13    -2.29    -0.09       1.22     1.86     3.36     76
J1944+0907  430_PUPPI           430      -5.08    -2.06     0.59      14.25    21.14    28.95     80
J1946+3417  S-wide_PUPPI       2000      -1.77    -1.43    -1.05       0.41     0.56     0.66     44
J1946+3417  L-wide_PUPPI       1400      -1.05    -0.86    -0.70       0.74     0.90     0.98     71
B1953+29    430_PUPPI           430      -4.68    -2.93    -1.83       6.57     9.75    12.81     72
B1953+29    L-wide_PUPPI       1400      -2.00    -1.39    -0.33       0.66     0.87     1.15     79
J2010-1323  Rcvr1_2_GUPPI      1400      -2.44    -1.55    -0.55       0.51     0.73     0.91    109
J2010-1323  Rcvr_800_GUPPI      800      -3.52    -2.21    -0.91       1.29     1.72     2.14    122
J2017+0603  S-wide_PUPPI       2000      -2.56    -0.34     4.96       0.29     0.37     0.46     27
J2017+0603  L-wide_PUPPI       1400      -4.06    -1.95     0.99       0.23     0.32     0.53     71
J2022+2534  S-wide_PUPPI       2000      -1.23    -0.60     0.92       0.32     0.43     0.69     14
J2022+2534  L-wide_PUPPI       1400      -3.18    -1.56    -0.63       0.57     0.85     1.24     23
J2033+1734  L-wide_PUPPI       1400      -3.37    -2.30    -1.18       0.27     0.32     0.42     72
J2033+1734  430_PUPPI           430      -3.70    -1.41     1.26       2.49     3.37     4.14     81
J2039-3616  Rcvr1_2_GUPPI      1400      -4.58    -2.77    -0.00       0.63     0.76     1.08     11
J2039-3616  Rcvr_800_GUPPI      800      -4.01    -1.21     0.47       1.08     1.48     2.69     18
J2043+1711  L-wide_PUPPI       1400      -4.62    -1.83    -0.14       0.16     0.23     0.36    164
J2043+1711  430_PUPPI           430     -11.21    -3.60     4.70       1.30     1.87     2.91    210
J2124-3358  Rcvr_800_GUPPI      800      -5.47    -0.74     4.52       2.99     8.18    24.25     35
J2124-3358  Rcvr1_2_GUPPI      1400      -3.27    -1.89    -1.16       2.46     4.24     7.38     26
J2145-0750  Rcvr1_2_GUPPI      1400      -4.10    -0.82     2.59       1.81     4.43    13.02    102
J2145-0750  Rcvr_800_GUPPI      800     -10.42    -3.16     4.30       5.27    13.88    35.08    125
J2150-0326  Rcvr1_2_GUPPI      1400      -3.50    -1.66    -0.95       0.32     0.48     0.74     16
J2150-0326  Rcvr_800_GUPPI      800      -3.23    -1.22     0.21       1.08     1.39     2.40     21
J2214+3000  L-wide_PUPPI       1400      -3.96    -1.73     0.28       0.26     0.39     0.79     77
J2214+3000  S-wide_PUPPI       2000      -3.74    -0.74     2.34       0.30     0.39     0.53     23
J2229+2643  S-wide_PUPPI       2000      -1.56    -1.56    -1.56       0.32     0.32     0.32      1
J2229+2643  430_PUPPI           430     -13.36    -2.06    11.62       2.67     5.24     8.72     86
J2229+2643  L-wide_PUPPI       1400      -4.44    -1.71     1.41       0.22     0.42     0.92     83
J2234+0611  L-wide_PUPPI       1400      -3.53    -0.05     3.01       0.15     0.33     0.84     61
J2234+0611  430_PUPPI           430     -15.82    -0.12    22.63       0.71     0.93     1.79     71
J2234+0611  S-wide_PUPPI       2000       4.53     4.68     4.84       0.22     0.24     0.26      2
J2234+0944  L-wide_PUPPI       1400      -4.20    -1.81     1.97       0.53     0.99     2.00     45
J2234+0944  S-wide_PUPPI       2000      -3.63    -1.02     2.59       0.50     0.76     1.54     41
J2302+4442  Rcvr_800_GUPPI      800      -3.20    -1.88    -0.59       2.68     3.43     4.72     99
J2302+4442  Rcvr1_2_GUPPI      1400      -1.91    -0.88    -0.03       1.09     1.48     1.97     91
J2317+1439  430_PUPPI           430     -12.29    -2.73     6.26       4.22     6.79    10.19    220
J2317+1439  L-wide_PUPPI       1400      -4.46    -1.55     1.48       0.25     0.44     0.82    197
J2322+2057  430_PUPPI           430     -18.72    -2.75    15.03       1.17     1.76     3.12     74
J2322+2057  L-wide_PUPPI       1400      -4.67    -1.13     0.52       0.16     0.28     0.67     70
J2322+2057  S-wide_PUPPI       2000      -3.03    -2.37     1.54       0.29     0.31     1.04      5
