J0023+0923  L-wide_PUPPI       1400      -4.18    -1.90    -0.11       0.22     0.34     0.53     69
J0023+0923  430_PUPPI           430     -16.02     3.15    16.91       1.81     2.65     3.80     55
J0030+0451  L-wide_PUPPI       1400      -2.61    -1.83    -0.87       0.83     1.20     1.74    166
J0030+0451  S-wide_PUPPI       2000      -2.46    -1.68    -0.80       0.51     0.60     0.77     75
J0030+0451  430_PUPPI           430     -23.90    -4.40    20.38       2.54     6.64    24.51    163
J0340+4130  Rcvr_800_GUPPI      800      -3.06    -2.24    -1.41       1.18     1.53     1.92     99
J0340+4130  Rcvr1_2_GUPPI      1400      -2.21    -1.87    -1.39       0.48     0.56     0.65     93
J0406+3039  S-wide_PUPPI       2000      -1.75    -0.94    -0.42       0.30     0.35     0.40     12
J0406+3039  L-wide_PUPPI       1400      -1.63    -1.24    -0.65       0.54     0.60     0.68     36
J0509+0856  L-wide_PUPPI       1400      -2.73    -2.23    -1.79       1.34     1.53     1.79     33
J0509+0856  S-wide_PUPPI       2000      -2.36    -1.90    -0.75       0.63     0.80     0.96     17
J0557+1551  L-wide_PUPPI       1400      -1.25    -0.75     0.03       0.09     0.10     0.12     27
J0557+1551  S-wide_PUPPI       2000      -1.73    -1.23    -0.11       0.16     0.20     0.21      3
J0605+3757  Rcvr1_2_GUPPI      1400      -3.68    -1.05     0.68       0.35     0.53     0.93     17
J0605+3757  Rcvr_800_GUPPI      800      -2.23    -0.89     0.00       1.11     1.31     1.81      9
J0610-2100  Rcvr_800_GUPPI      800      -2.36    -0.76     0.22       1.64     1.89     2.35     36
J0610-2100  Rcvr1_2_GUPPI      1400      -2.01    -1.13     0.46       0.62     0.83     1.01     30
J0613-0200  Rcvr_800_GUPPI      800      -3.73    -2.65    -1.95       5.41     6.72     8.17    119
J0613-0200  Rcvr1_2_GUPPI      1400      -2.56    -2.00    -1.36       1.82     2.17     2.57     83
J0614-3329  Rcvr_800_GUPPI      800      -3.79    -1.16     1.89       1.49     2.29     2.77     29
J0614-3329  Rcvr1_2_GUPPI      1400      -2.97    -1.13    -0.35       0.64     1.08     1.53     21
J0636+5128  Rcvr1_2_GUPPI      1400      -4.09    -1.18     0.19       0.61     0.78     1.00     23
J0636+5128  Rcvr_800_GUPPI      800      -2.95    -1.24     0.87       1.71     2.12     3.14     67
J0645+5158  Rcvr1_2_GUPPI      1400      -4.71    -1.30     0.52       0.18     0.36     1.14     77
J0645+5158  Rcvr_800_GUPPI      800      -7.36    -2.49     2.11       0.49     0.78     2.01     90
J0709+0458  L-wide_PUPPI       1400      -2.67    -1.93    -0.84       0.19     0.26     0.34     48
J0709+0458  S-wide_PUPPI       2000      -2.76    -1.44    -0.15       0.13     0.17     0.23     30
J0740+6620  Rcvr_800_GUPPI      800      -8.28    -1.77     3.23       1.28     2.27     5.34     77
J0740+6620  Rcvr1_2_GUPPI      1400      -2.61    -1.08     0.92       0.69     1.03     2.03     91
J0931-1902  Rcvr1_2_GUPPI      1400      -2.73    -1.42    -0.20       0.61     0.89     1.42     72
J0931-1902  Rcvr_800_GUPPI      800      -3.58    -1.65     0.51       1.51     2.02     2.79     82
J1012+5307  Rcvr1_2_GUPPI      1400      -4.17    -1.42     0.89       1.41     3.79     6.25     72
J1012+5307  Rcvr_800_GUPPI      800      -9.56    -1.89     4.61       3.11     7.19    17.36    119
J1012-4235  Rcvr_800_GUPPI      800      -1.68    -1.12    -0.57       0.63     0.66     0.96     13
J1012-4235  Rcvr1_2_GUPPI      1400      -0.86    -0.24     0.36       0.40     0.51     0.53     20
J1022+1001  S-wide_PUPPI       2000      -1.91    -0.97    -0.06       1.52     2.37     4.35     15
J1022+1001  430_PUPPI           430     -24.60     1.03    23.29       8.34    15.41    23.66     15
J1022+1001  L-wide_PUPPI       1400      -4.78    -2.29    -0.95       1.80     3.45     5.46     24
J1024-0719  Rcvr1_2_GUPPI      1400      -2.45    -0.54     1.25       0.77     1.37     2.71     95
J1024-0719  Rcvr_800_GUPPI      800      -6.49    -1.15     4.25       1.44     2.65     7.34    110
J1125+7819  Rcvr_800_GUPPI      800      -4.79    -1.55     3.10       1.47     2.57     6.00     73
J1125+7819  Rcvr1_2_GUPPI      1400      -3.69    -2.16    -0.13       0.55     0.82     1.52     60
J1312+0051  L-wide_PUPPI       1400      -2.23    -0.77     0.23       0.21     0.26     0.39     44
J1312+0051  S-wide_PUPPI       2000      -1.58    -0.44     1.37       0.18     0.24     0.33     24
J1453+1902  L-wide_PUPPI       1400      -3.12    -0.99     0.50       0.12     0.19     0.44     55
J1453+1902  430_PUPPI           430     -19.29     3.42    19.10       1.13     1.66     3.46     35
J1455-3330  Rcvr_800_GUPPI      800      -6.97    -2.51     1.94       1.55     2.33     5.13    118
J1455-3330  Rcvr1_2_GUPPI      1400      -3.83    -1.49     0.67       0.47     0.80     1.33     99
J1600-3053  Rcvr1_2_GUPPI      1400      -1.28    -0.76    -0.38       2.02     2.41     3.11     89
J1600-3053  Rcvr_800_GUPPI      800      -1.10    -0.32     0.22       2.73     3.28     4.02    120
J1614-2230  Rcvr_800_GUPPI      800      -2.82    -1.84    -0.86       2.11     2.71     3.55    120
J1614-2230  Rcvr1_2_GUPPI      1400      -2.48    -1.63    -0.89       0.79     1.11     1.44    105
J1630+3734  Rcvr1_2_GUPPI      1400      -2.10    -1.13     0.17       0.39     0.61     0.83     24
J1630+3734  Rcvr_800_GUPPI      800      -3.42    -1.31     2.97       1.14     1.65     2.63     28
J1640+2224  L-wide_PUPPI       1400      -5.26    -2.26     0.89       0.24     0.53     1.27    184
J1640+2224  430_PUPPI           430     -22.49    -4.22    13.38       3.84     6.20    10.93    179
J1643-1224  Rcvr1_2_GUPPI      1400      -1.79    -1.55    -1.25       3.90     4.57     5.32    108
J1643-1224  Rcvr_800_GUPPI      800      -2.37    -2.03    -1.77      11.30    12.90    14.32    122
J1705-1903  Rcvr_800_GUPPI      800      -0.54     0.06     0.56       1.03     1.16     1.57     30
J1705-1903  Rcvr1_2_GUPPI      1400      -0.69    -0.69    -0.69       0.53     0.53     0.53      1
J1713+0747  Rcvr_800_GUPPI      800      -6.10    -0.52     3.52       4.02     6.89    12.45    121
J1713+0747  L-wide_PUPPI       1400      -4.15    -0.78     2.91       2.52     4.70     9.33    163
J1713+0747  Rcvr1_2_GUPPI      1400      -3.15    -0.46     2.26       2.17     4.37     9.53    268
J1713+0747  S-wide_PUPPI       2000      -4.63    -0.80     4.89       1.61     3.80    12.10     97
J1719-1438  Rcvr1_2_GUPPI      1400      -2.85    -1.50    -0.30       0.77     1.00     1.12     30
J1719-1438  Rcvr_800_GUPPI      800      -2.36    -1.60    -0.60       2.34     2.66     3.12     33
J1730-2304  Rcvr1_2_GUPPI      1400      -3.42    -1.49    -0.51       2.13     3.25     5.32     28
J1730-2304  Rcvr_800_GUPPI      800      -3.84    -2.52    -0.41       6.96     9.66    12.12     38
J1738+0333  L-wide_PUPPI       1400      -3.07    -1.69     0.01       0.35     0.51     0.92     75
J1738+0333  S-wide_PUPPI       2000      -5.76    -2.33     1.85       0.23     0.44     0.67     37
J1741+1351  L-wide_PUPPI       1400      -3.87    -0.94     1.93       0.16     0.25     0.56     84
J1741+1351  430_PUPPI           430     -13.56    -3.79     4.64       2.21     3.56     5.30     72
J1744-1134  Rcvr_800_GUPPI      800      -8.47    -1.60     3.98       2.84     5.41    10.56    121
J1744-1134  Rcvr1_2_GUPPI      1400      -4.16    -1.48     0.61       1.03     1.93     4.51    101
J1745+1017  L-wide_PUPPI       1400      -2.37    -1.22     1.12       0.33     0.57     1.10     44
J1745+1017  S-wide_PUPPI       2000      -5.59    -0.72     2.52       0.23     0.32     0.83     28
J1747-4036  Rcvr1_2_GUPPI      1400      -2.29    -1.90    -1.45       1.37     1.59     1.96     85
J1747-4036  Rcvr_800_GUPPI      800      -2.36    -2.00    -1.64       5.78     7.30     9.04     94
J1751-2857  Rcvr_800_GUPPI      800      -2.85    -2.00    -1.44       2.28     2.34     2.86      9
J1751-2857  Rcvr1_2_GUPPI      1400      -1.62    -1.17    -0.58       0.58     0.70     0.78     36
J1802-2124  Rcvr_800_GUPPI      800      -1.70    -1.36    -1.13       2.97     3.87     4.36     36
J1802-2124  Rcvr1_2_GUPPI      1400      -3.22    -2.45    -2.13       0.81     0.94     1.14     10
J1811-2405  Rcvr1_2_GUPPI      1400      -2.70    -2.09    -1.55       1.31     1.52     1.97     31
J1811-2405  Rcvr_800_GUPPI      800      -2.41    -2.05    -1.34       3.70     4.38     5.40     36
J1832-0836  Rcvr_800_GUPPI      800      -2.23    -1.60    -0.90       3.15     3.68     4.49     80
J1832-0836  Rcvr1_2_GUPPI      1400      -2.07    -1.34    -0.69       0.86     1.05     1.36     78
J1843-1113  Rcvr1_2_GUPPI      1400      -2.08    -1.21    -0.48       0.47     0.60     0.83     31
J1843-1113  Rcvr_800_GUPPI      800      -2.71    -1.73    -0.85       1.19     1.66     2.63     38
J1853+1303  430_PUPPI           430      -8.39    -2.58     5.32       3.13     4.79     6.93     74
J1853+1303  L-wide_PUPPI       1400      -3.30    -2.02     0.41       0.27     0.43     0.64     81
B1855+09    L-wide_PUPPI       1400      -4.05    -2.27    -0.54       2.27     3.46     5.69     85
B1855+09    430_PUPPI           430      -6.09    -1.51     4.14      13.63    17.60    25.22     71
J1903+0327  L-wide_PUPPI       1400       0.47     0.64     0.90       0.59     0.68     0.81     73
J1903+0327  S-wide_PUPPI       2000      -1.45    -1.12    -0.54       0.37     0.48     0.57     45
J1909-3744  Rcvr_800_GUPPI      800      -7.52    -2.42     2.91       1.67     3.01     4.89    122
J1909-3744  Rcvr1_2_GUPPI      1400      -4.63    -1.71     1.82       0.58     1.09     2.48    286
J1910+1256  S-wide_PUPPI       2000      -2.50    -1.03     0.85       0.23     0.32     0.48     55
J1910+1256  L-wide_PUPPI       1400      -2.19    -1.01     0.14       0.38     0.56     0.78     74
J1911+1347  430_PUPPI           430      -2.86     0.36     3.19       2.25     3.44     4.19     52
J1911+1347  L-wide_PUPPI       1400      -2.84    -1.28    -0.30       0.48     0.84     1.19     65
J1918-0642  Rcvr1_2_GUPPI      1400      -3.46    -1.88    -0.15       1.03     1.56     1.98     99
J1918-0642  Rcvr_800_GUPPI      800      -3.88    -2.22    -0.70       3.36     4.46     5.62    120
J1923+2515  L-wide_PUPPI       1400      -3.44    -0.67     1.33       0.21     0.35     0.50     86
J1923+2515  430_PUPPI           430     -14.97    -4.52     8.76       1.86     2.58     3.75     65
B1937+21    S-wide_PUPPI       2000      -4.00    -2.46    -1.11       3.39     5.05     7.27     47
B1937+21    Rcvr1_2_GUPPI      1400      -3.34    -2.58    -1.83       9.98    13.59    18.02     95
B1937+21    L-wide_PUPPI       1400      -3.27    -2.64    -1.64      10.55    13.75    17.50     61
B1937+21    Rcvr_800_GUPPI      800      -3.43    -2.75    -2.23      47.70    61.95    79.19     69
J1944+0907  L-wide_PUPPI       1400      -4.08    -2.62    -0.74       1.10     1.96     3.42     81
J1944+0907  430_PUPPI           430      -5.95    -2.14     0.98      14.86    23.25    31.17     70
J1946+3417  S-wide_PUPPI       2000      -1.95    -1.55    -1.42       0.51     0.58     0.65     30
J1946+3417  L-wide_PUPPI       1400      -1.12    -0.89    -0.76       0.83     0.91     0.97     62
B1953+29    430_PUPPI           430      -5.30    -3.67    -2.16       6.78    11.81    15.85     64
B1953+29    L-wide_PUPPI       1400      -1.96    -1.52    -0.83       0.70     0.94     1.19     81
J2010-1323  Rcvr1_2_GUPPI      1400      -2.38    -1.44    -0.37       0.50     0.71     0.89     91
J2010-1323  Rcvr_800_GUPPI      800      -3.34    -2.16    -0.86       1.32     1.72     2.16    121
J2017+0603  S-wide_PUPPI       2000      -3.60    -0.58     4.60       0.24     0.35     0.62     41
J2017+0603  L-wide_PUPPI       1400      -4.08    -1.32     0.92       0.23     0.35     0.55     73
J2017+0603  430_PUPPI           430       7.11     9.13    11.16       3.08     4.07     5.07      2
J2033+1734  L-wide_PUPPI       1400      -3.35    -2.40    -1.41       0.26     0.32     0.41     65
J2033+1734  430_PUPPI           430      -4.58    -2.14     0.26       2.58     3.41     4.17     55
J2043+1711  L-wide_PUPPI       1400      -4.40    -1.70     0.01       0.17     0.24     0.38    159
J2043+1711  430_PUPPI           430     -13.00    -4.08     6.95       1.33     1.90     3.05    156
J2124-3358  Rcvr_800_GUPPI      800      -5.39    -0.80     4.70       3.07     8.13    24.42     35
J2124-3358  Rcvr1_2_GUPPI      1400      -3.21    -1.89    -1.25       2.43     3.76     7.32     20
J2145-0750  Rcvr1_2_GUPPI      1400      -4.52    -1.65     2.25       2.10     4.91    16.29     87
J2145-0750  Rcvr_800_GUPPI      800     -10.78    -3.45     4.45       5.30    13.87    36.40    124
J2214+3000  L-wide_PUPPI       1400      -4.03    -1.58     1.11       0.27     0.41     0.69     79
J2214+3000  S-wide_PUPPI       2000      -5.41    -1.82     2.60       0.27     0.41     0.67     37
J2229+2643  430_PUPPI           430     -13.16     0.16    12.38       2.47     4.95     8.61     64
J2229+2643  L-wide_PUPPI       1400      -4.22    -1.79     1.85       0.24     0.43     0.91     68
J2234+0611  L-wide_PUPPI       1400      -3.67    -0.02     3.17       0.13     0.32     0.97     55
J2234+0611  430_PUPPI           430     -20.47    -0.18    18.49       0.75     1.05     1.82     47
J2234+0944  L-wide_PUPPI       1400      -4.20    -1.65     2.23       0.61     1.09     2.13     44
J2234+0944  S-wide_PUPPI       2000      -4.55    -0.73     3.19       0.48     0.74     1.08     26
J2302+4442  Rcvr_800_GUPPI      800      -3.04    -1.83    -0.18       2.69     3.48     4.70     96
J2302+4442  Rcvr1_2_GUPPI      1400      -2.07    -1.02    -0.15       1.12     1.53     2.00     87
J2317+1439  430_PUPPI           430     -13.93    -2.59     6.30       4.27     7.40    10.90    173
J2317+1439  327_PUPPI           327     -15.85    -9.14     0.92      40.17    59.80    69.92     11
J2317+1439  L-wide_PUPPI       1400      -4.55    -1.68     1.12       0.26     0.46     0.85    180
J2322+2057  430_PUPPI           430     -22.93    -6.64    13.83       1.29     1.77     2.84     56
J2322+2057  L-wide_PUPPI       1400      -4.28    -1.44     0.50       0.17     0.28     0.73     56
J2322+2057  S-wide_PUPPI       2000      -3.33    -2.42    -0.41       0.30     0.31     0.45      4
